open_time,open,high,low,close,volume,close_time,quote_asset_volume,number_of_trades,taker_buy_base,taker_buy_quote,ignore
2025-08-07 23:22:00,117332.47,117332.48,117316.0,117324.85,3.56482,2025-08-07 23:22:59.999,418243.9899717,1023,0.98707,115805.0245355,0
2025-08-07 23:23:00,117324.85,117348.35,117323.16,117348.35,4.01713,2025-08-07 23:23:59.999,471333.0554579,777,2.4889,292032.1040707,0
2025-08-07 23:24:00,117348.35,117348.35,117336.29,117336.29,4.28799,2025-08-07 23:24:59.999,503157.3466937,366,0.44312,51994.071378,0
2025-08-07 23:25:00,117336.3,117348.35,117336.29,117345.63,2.85186,2025-08-07 23:25:59.999,334653.35342,462,1.32243,155177.2966287,0
2025-08-07 23:26:00,117345.62,117345.62,117319.61,117319.62,3.5798,2025-08-07 23:26:59.999,420028.4809384,1071,0.21516,25243.6138535,0
2025-08-07 23:27:00,117319.61,117319.62,117319.61,117319.62,1.14723,2025-08-07 23:27:59.999,134592.5799504,183,0.37701,44230.6699362,0
2025-08-07 23:28:00,117319.62,117319.62,117319.61,117319.62,0.59877,2025-08-07 23:28:59.999,70247.463871,153,0.09913,11629.8939306,0
2025-08-07 23:29:00,117319.62,117319.62,117319.61,117319.62,0.7662,2025-08-07 23:29:59.999,89890.2863554,148,0.11734,13766.2842108,0
2025-08-07 23:30:00,117319.61,117319.62,117319.61,117319.62,0.4111,2025-08-07 23:30:59.999,48230.0931764,216,0.15054,17661.2955948,0
2025-08-07 23:31:00,117319.62,117320.0,117319.61,117319.99,3.93705,2025-08-07 23:31:59.999,461893.2544934,268,3.73357,438021.032066,0
2025-08-07 23:32:00,117320.0,117326.87,117302.08,117326.32,4.42986,2025-08-07 23:32:59.999,519677.9154073,905,2.49372,292557.4750463,0
2025-08-07 23:33:00,117326.32,117340.1,117326.31,117340.09,1.2925,2025-08-07 23:33:59.999,151650.7500637,292,0.80801,94803.569012,0
2025-08-07 23:34:00,117340.1,117340.1,117332.99,117333.0,3.26118,2025-08-07 23:34:59.999,382658.2736963,458,0.80774,94774.758492,0
2025-08-07 23:35:00,117332.99,117333.01,117312.91,117312.91,13.43916,2025-08-07 23:35:59.999,1576681.9419627,684,6.27899,736619.6412106,0
2025-08-07 23:36:00,117312.92,117312.92,117300.0,117300.01,2.77026,2025-08-07 23:36:59.999,324978.0765473,520,0.87087,102158.4936844,0
2025-08-07 23:37:00,117300.0,117300.01,117292.88,117292.88,3.10459,2025-08-07 23:37:59.999,364156.3143251,627,0.68767,80660.0281575,0
2025-08-07 23:38:00,117292.89,117310.0,117292.88,117309.99,6.56014,2025-08-07 23:38:59.999,769553.2329531,548,1.75124,205424.5003177,0
2025-08-07 23:39:00,117310.0,117310.0,117309.99,117309.99,1.45564,2025-08-07 23:39:59.999,170761.1215516,172,0.7708,90422.548,0
2025-08-07 23:40:00,117309.99,117320.0,117309.99,117320.0,3.79,2025-08-07 23:40:59.999,444609.2991349,509,2.66422,312543.6114207,0
2025-08-07 23:41:00,117319.99,117341.84,117319.99,117341.83,1.9434,2025-08-07 23:41:59.999,228021.5996369,774,1.41647,166196.1539012,0
2025-08-07 23:42:00,117341.83,117355.26,117341.83,117355.25,5.46372,2025-08-07 23:42:59.999,641132.8665602,611,4.90051,575039.7741448,0
2025-08-07 23:43:00,117355.26,117379.71,117354.79,117354.79,6.75792,2025-08-07 23:43:59.999,793178.457225,2188,2.83445,332665.8346935,0
2025-08-07 23:44:00,117354.8,117394.49,117351.17,117394.49,11.29488,2025-08-07 23:44:59.999,1325532.7598479,1361,3.50175,410978.7486608,0
2025-08-07 23:45:00,117394.48,117419.99,117390.0,117419.99,11.62771,2025-08-07 23:45:59.999,1365080.3620605,1229,7.69074,902896.4511669,0
2025-08-07 23:46:00,117419.99,117445.87,117419.99,117435.85,5.38206,2025-08-07 23:46:59.999,632044.1684197,1843,2.22953,261816.381885,0
2025-08-07 23:47:00,117435.84,117450.0,117435.84,117450.0,3.91083,2025-08-07 23:47:59.999,459276.2280609,444,0.7962,93505.3062842,0
2025-08-07 23:48:00,117449.99,117450.0,117449.99,117449.99,1.32036,2025-08-07 23:48:59.999,155076.2767724,180,0.7976,93678.12,0
2025-08-07 23:49:00,117449.99,117450.0,117449.99,117450.0,3.66695,2025-08-07 23:49:59.999,430683.2531234,157,1.22929,144380.1105,0
2025-08-07 23:50:00,117450.0,117450.0,117449.99,117449.99,0.70448,2025-08-07 23:50:59.999,82741.1727666,188,0.38114,44764.893,0
2025-08-07 23:51:00,117450.0,117459.35,117449.99,117459.35,3.25262,2025-08-07 23:51:59.999,382036.003875,567,1.96556,230859.9899261,0
2025-08-07 23:52:00,117459.35,117462.18,117459.21,117459.21,9.45615,2025-08-07 23:52:59.999,1110726.3805191,757,6.29885,739865.372919,0
2025-08-07 23:53:00,117459.22,117459.22,117442.63,117442.63,4.11879,2025-08-07 23:53:59.999,483737.8715382,840,1.43659,168719.3153022,0
2025-08-07 23:54:00,117442.63,117462.18,117442.63,117456.01,6.56351,2025-08-07 23:54:59.999,770870.0150429,902,3.69011,433389.9782144,0
2025-08-07 23:55:00,117456.02,117456.02,117456.01,117456.02,1.92873,2025-08-07 23:55:59.999,226540.9479853,177,1.7818,209283.136436,0
2025-08-07 23:56:00,117456.01,117462.0,117456.01,117461.99,1.93197,2025-08-07 23:56:59.999,226923.0725682,320,1.25427,147323.0244396,0
2025-08-07 23:57:00,117462.0,117467.99,117461.99,117467.98,2.90871,2025-08-07 23:57:59.999,341665.2343428,514,2.31077,271429.1873694,0
2025-08-07 23:58:00,117467.98,117473.8,117467.98,117472.02,12.57571,2025-08-07 23:58:59.999,1477285.5669382,562,5.94232,698038.6989992,0
2025-08-07 23:59:00,117472.02,117472.02,117472.01,117472.01,3.23263,2025-08-07 23:59:59.999,379743.570312,195,2.66257,312777.4762914,0
2025-08-08 00:00:00,117472.02,117489.53,117385.22,117385.23,18.08472,2025-08-08 00:00:59.999,2123931.6261111,2243,2.63429,309430.8151098,0
2025-08-08 00:01:00,117385.23,117433.05,117385.22,117412.91,14.09166,2025-08-08 00:01:59.999,1654521.4547016,2246,10.20501,1198174.020298,0
2025-08-08 00:02:00,117412.91,117422.0,117412.9,117422.0,2.70168,2025-08-08 00:02:59.999,317221.9195919,548,1.02345,120172.5611393,0
2025-08-08 00:03:00,117422.0,117433.05,117421.99,117433.04,6.28769,2025-08-08 00:03:59.999,738316.6509273,465,4.94838,581051.9025029,0
2025-08-08 00:04:00,117433.05,117452.0,117420.0,117420.01,7.29879,2025-08-08 00:04:59.999,857119.0853657,1664,2.58197,303209.3195071,0
2025-08-08 00:05:00,117420.01,117434.44,117292.02,117352.22,17.23507,2025-08-08 00:05:59.999,2022270.6017321,5923,5.70126,668856.7646848,0
2025-08-08 00:06:00,117352.23,117375.41,117346.84,117346.84,4.16513,2025-08-08 00:06:59.999,488820.3875548,1354,0.6614,77621.4507985,0
2025-08-08 00:07:00,117346.84,117391.08,117336.29,117391.08,8.0037,2025-08-08 00:07:59.999,939210.7610218,1499,5.62812,660444.6010753,0
2025-08-08 00:08:00,117391.07,117391.08,117360.0,117360.01,6.55522,2025-08-08 00:08:59.999,769422.4376811,2160,1.33984,157251.4539742,0
2025-08-08 00:09:00,117360.0,117360.0,117300.0,117300.01,3.96148,2025-08-08 00:09:59.999,464763.2453588,2016,0.44727,52469.4814621,0
2025-08-08 00:10:00,117300.01,117370.98,117300.0,117370.98,6.34862,2025-08-08 00:10:59.999,744823.4915575,1354,4.80323,563519.7141024,0
2025-08-08 00:11:00,117370.98,117370.98,117362.41,117362.42,2.96319,2025-08-08 00:11:59.999,347768.984983,479,0.47304,55517.1373592,0
2025-08-08 00:12:00,117362.42,117362.42,117331.13,117357.31,4.36543,2025-08-08 00:12:59.999,512293.3536757,1591,1.02902,120747.4963864,0
2025-08-08 00:13:00,117357.3,117410.61,117357.3,117403.99,8.98597,2025-08-08 00:13:59.999,1054910.1249125,1890,7.70121,904083.3977239,0
2025-08-08 00:14:00,117404.0,117404.0,117372.37,117372.38,5.48598,2025-08-08 00:14:59.999,644021.7893633,1032,1.33407,156621.1546916,0
2025-08-08 00:15:00,117372.37,117372.38,117309.13,117337.13,7.27513,2025-08-08 00:15:59.999,853542.5254926,2471,3.34291,392175.8153793,0
2025-08-08 00:16:00,117337.14,117351.29,117294.0,117294.01,7.62437,2025-08-08 00:16:59.999,894482.3915718,1877,1.34832,158209.4210379,0
2025-08-08 00:17:00,117294.0,117305.7,117288.57,117288.57,10.83047,2025-08-08 00:17:59.999,1270425.1096848,983,4.34256,509373.937263,0
2025-08-08 00:18:00,117288.58,117288.58,117072.97,117113.87,70.79846,2025-08-08 00:18:59.999,8294069.2933269,8255,14.09974,1651902.9826984,0
2025-08-08 00:19:00,117113.87,117113.88,116877.65,116878.05,57.75111,2025-08-08 00:19:59.999,6755260.8389357,9477,6.7988,795335.7783595,0
2025-08-08 00:20:00,116878.05,116930.12,116878.04,116904.03,20.54518,2025-08-08 00:20:59.999,2401924.7433627,4568,12.71508,1486504.9363721,0
2025-08-08 00:21:00,116904.02,117011.0,116870.21,116960.0,18.22879,2025-08-08 00:21:59.999,2132257.3276631,5810,10.30515,1205344.3760011,0
2025-08-08 00:22:00,116960.01,117008.0,116911.52,116999.99,14.33707,2025-08-08 00:22:59.999,1676913.9382289,4890,6.73092,787202.6388186,0
2025-08-08 00:23:00,116999.99,117091.03,116999.99,117005.34,27.11254,2025-08-08 00:23:59.999,3173530.8709316,5236,20.36549,2383841.9301572,0
2025-08-08 00:24:00,117005.35,117010.97,116936.59,117010.96,10.92559,2025-08-08 00:24:59.999,1277916.2050639,3658,5.57564,652122.4337535,0
2025-08-08 00:25:00,117010.97,117090.75,117010.96,117048.0,17.29738,2025-08-08 00:25:59.999,2024620.2002129,4845,10.64758,1246183.1786263,0
2025-08-08 00:26:00,117048.0,117227.53,117047.99,117227.52,14.98823,2025-08-08 00:26:59.999,1755619.9349632,5912,12.07192,1414022.3302255,0
2025-08-08 00:27:00,117227.53,117227.53,117093.83,117153.68,12.47559,2025-08-08 00:27:59.999,1461727.094699,6036,4.42455,518242.0976794,0
2025-08-08 00:28:00,117153.68,117180.0,117101.88,117116.0,14.82856,2025-08-08 00:28:59.999,1737015.2091855,3133,5.54277,649275.7539513,0
2025-08-08 00:29:00,117116.0,117132.18,117087.39,117132.17,9.57228,2025-08-08 00:29:59.999,1121044.3226342,2176,3.02567,354368.4683578,0
2025-08-08 00:30:00,117132.17,117132.18,117054.45,117096.3,8.05292,2025-08-08 00:30:59.999,942951.4560413,2674,2.05904,241046.9932378,0
2025-08-08 00:31:00,117096.3,117129.78,117068.69,117075.85,19.77162,2025-08-08 00:31:59.999,2315284.6264896,3222,13.87394,1624619.9031918,0
2025-08-08 00:32:00,117075.85,117098.07,117061.82,117092.0,5.0881,2025-08-08 00:32:59.999,595714.34184,1417,2.78826,326440.7069028,0
2025-08-08 00:33:00,117092.0,117129.8,117080.93,117129.8,4.37652,2025-08-08 00:33:59.999,512481.2185811,1320,2.13131,249573.9365799,0
2025-08-08 00:34:00,117129.8,117129.8,117060.0,117060.0,3.75618,2025-08-08 00:34:59.999,439870.0940791,1693,0.20859,24425.9852741,0
2025-08-08 00:35:00,117060.01,117111.01,117060.0,117063.98,7.83662,2025-08-08 00:35:59.999,917598.7164647,1774,3.74566,438545.5048503,0
2025-08-08 00:36:00,117063.98,117263.92,117026.12,117263.92,12.8389,2025-08-08 00:36:59.999,1503788.0556626,4448,10.15016,1189000.2071804,0
2025-08-08 00:37:00,117263.93,117452.0,117260.12,117440.31,41.022,2025-08-08 00:37:59.999,4815941.8153618,6073,14.64903,1719387.3669365,0
2025-08-08 00:38:00,117440.31,117625.0,117437.99,117623.06,47.86977,2025-08-08 00:38:59.999,5625419.0165372,6735,28.59261,3360384.0514172,0
2025-08-08 00:39:00,117623.06,117625.82,117528.51,117532.73,23.46328,2025-08-08 00:39:59.999,2759483.5419012,4032,11.45371,1347060.3414002,0
2025-08-08 00:40:00,117532.73,117627.55,117462.17,117627.55,15.59859,2025-08-08 00:40:59.999,1833235.4437377,5402,9.35688,1099732.3195063,0
2025-08-08 00:41:00,117627.55,117630.0,117513.12,117571.11,24.36749,2025-08-08 00:41:59.999,2865078.2279372,5728,10.50938,1235676.2041429,0
2025-08-08 00:42:00,117571.11,117622.0,117550.29,117550.3,13.2883,2025-08-08 00:42:59.999,1562614.7458174,3431,7.99007,939567.068937,0
2025-08-08 00:43:00,117550.3,117564.12,117453.75,117564.12,12.96803,2025-08-08 00:43:59.999,1523670.9539478,4030,5.10123,599330.3055431,0
2025-08-08 00:44:00,117564.12,117599.0,117523.03,117573.88,8.81737,2025-08-08 00:44:59.999,1036627.6210735,2497,3.01969,354996.3251094,0
2025-08-08 00:45:00,117573.89,117599.0,117540.0,117570.8,16.14832,2025-08-08 00:45:59.999,1898509.0218901,3326,6.2023,729184.0939298,0
2025-08-08 00:46:00,117570.8,117570.81,117513.73,117513.74,11.63864,2025-08-08 00:46:59.999,1368129.3319031,1815,3.32136,390420.0355507,0
2025-08-08 00:47:00,117513.73,117530.7,117412.87,117507.77,25.70229,2025-08-08 00:47:59.999,3018784.7131065,5550,10.66064,1252013.475356,0
2025-08-08 00:48:00,117507.77,117551.12,117475.14,117538.4,16.98201,2025-08-08 00:48:59.999,1995740.3315522,3159,7.00864,823667.9433092,0
2025-08-08 00:49:00,117538.4,117547.54,117532.21,117533.16,5.85662,2025-08-08 00:49:59.999,688385.6243847,1567,2.6229,308282.6169959,0
2025-08-08 00:50:00,117533.15,117533.15,117485.78,117485.78,4.58822,2025-08-08 00:50:59.999,539200.9532679,2157,1.58398,186144.3227174,0
2025-08-08 00:51:00,117485.79,117485.79,117380.0,117380.0,5.73888,2025-08-08 00:51:59.999,673841.879163,2863,0.42101,49431.7169058,0
2025-08-08 00:52:00,117380.01,117387.79,117360.24,117379.7,4.46801,2025-08-08 00:52:59.999,524438.7906087,1578,1.50755,176939.2826387,0
2025-08-08 00:53:00,117379.7,117379.71,117364.56,117379.71,3.05118,2025-08-08 00:53:59.999,358111.7070786,834,1.53727,180422.6613143,0
2025-08-08 00:54:00,117379.7,117408.42,117370.01,117370.01,10.27152,2025-08-08 00:54:59.999,1205685.277709,1345,6.88567,808218.3988351,0
2025-08-08 00:55:00,117370.01,117370.02,117370.01,117370.02,1.67199,2025-08-08 00:55:59.999,196241.4927817,227,0.97618,114574.2661236,0
2025-08-08 00:56:00,117370.01,117370.02,117311.58,117359.11,4.75892,2025-08-08 00:56:59.999,558398.9540216,2280,1.39723,163936.9940753,0
2025-08-08 00:57:00,117359.1,117359.11,117323.15,117323.16,3.20486,2025-08-08 00:57:59.999,376054.6884278,933,0.20611,24184.4416644,0
2025-08-08 00:58:00,117323.16,117359.09,117323.16,117336.36,4.36288,2025-08-08 00:58:59.999,511952.4845819,1166,2.08856,245063.3115004,0
2025-08-08 00:59:00,117336.36,117344.0,117264.12,117264.12,7.67003,2025-08-08 00:59:59.999,899801.368008,2390,1.53037,179556.6508938,0
2025-08-08 01:00:00,117264.11,117264.12,117212.12,117212.12,2.27004,2025-08-08 01:00:59.999,266154.1349009,1709,0.47642,55856.4682944,0
2025-08-08 01:01:00,117212.12,117212.13,117120.39,117120.4,11.9106,2025-08-08 01:01:59.999,1395340.0860935,4151,5.21153,610464.715642,0
2025-08-08 01:02:00,117120.39,117171.17,117100.0,117171.16,9.66826,2025-08-08 01:02:59.999,1132451.1730641,4091,5.48368,642336.9652979,0
2025-08-08 01:03:00,117171.17,117174.55,117064.01,117064.02,6.41927,2025-08-08 01:03:59.999,751879.2620818,2834,2.016,236132.8157692,0
2025-08-08 01:04:00,117064.02,117064.02,116968.33,116968.33,16.84725,2025-08-08 01:04:59.999,1971426.9443723,6587,3.67891,430515.8253916,0
2025-08-08 01:05:00,116968.34,116969.23,116889.72,116889.72,12.33212,2025-08-08 01:05:59.999,1442025.1800066,5677,3.5357,413475.5456469,0
2025-08-08 01:06:00,116889.73,116980.0,116824.17,116938.52,61.55355,2025-08-08 01:06:59.999,7193407.8500141,6716,13.40518,1566849.4624206,0
2025-08-08 01:07:00,116938.52,117054.46,116920.0,116989.03,12.0433,2025-08-08 01:07:59.999,1409121.2635849,6172,8.00025,936030.8620768,0
2025-08-08 01:08:00,116989.03,117068.83,116956.0,117068.82,8.87166,2025-08-08 01:08:59.999,1038120.535031,4177,6.30724,738044.6242345,0
2025-08-08 01:09:00,117068.83,117068.83,116874.51,116947.89,14.84928,2025-08-08 01:09:59.999,1736652.3058101,5741,4.58272,535759.0216757,0
2025-08-08 01:10:00,116947.89,117037.7,116947.89,117012.15,12.69708,2025-08-08 01:10:59.999,1485526.2614453,4979,7.34492,859265.6144128,0
2025-08-08 01:11:00,117012.16,117075.0,117012.15,117075.0,12.35588,2025-08-08 01:11:59.999,1446135.8569141,3263,8.90135,1041794.7636724,0
2025-08-08 01:12:00,117074.99,117075.0,116960.0,117009.88,13.14152,2025-08-08 01:12:59.999,1537801.1916098,5535,3.60425,421737.6240187,0
2025-08-08 01:13:00,117009.88,117165.54,117009.88,117135.16,19.74057,2025-08-08 01:13:59.999,2311823.4542933,6321,14.94557,1750178.7715893,0
2025-08-08 01:14:00,117135.16,117174.54,117131.72,117174.53,4.03509,2025-08-08 01:14:59.999,472695.0696014,1565,2.22976,261208.3422251,0
2025-08-08 01:15:00,117174.53,117174.53,116875.0,116949.19,17.5901,2025-08-08 01:15:59.999,2058259.4439947,8660,5.21661,609939.7502644,0
2025-08-08 01:16:00,116949.19,117054.46,116949.19,117013.19,15.36488,2025-08-08 01:16:59.999,1797680.915687,6817,10.08082,1179316.8663054,0
2025-08-08 01:17:00,117013.18,117031.26,116950.09,117012.52,9.07335,2025-08-08 01:17:59.999,1061423.8328199,4501,3.24791,379917.5600239,0
2025-08-08 01:18:00,117012.52,117025.96,116823.56,116900.0,15.31923,2025-08-08 01:18:59.999,1790901.3818744,6953,5.45312,637321.7081536,0
2025-08-08 01:19:00,116899.99,116967.29,116833.05,116833.06,15.3547,2025-08-08 01:19:59.999,1795268.1565122,6872,6.49691,759604.0786224,0
2025-08-08 01:20:00,116833.05,116994.36,116823.07,116950.34,18.71998,2025-08-08 01:20:59.999,2188196.0264356,5770,11.2206,1311658.3048916,0
2025-08-08 01:21:00,116950.34,116967.88,116882.52,116963.58,12.19464,2025-08-08 01:21:59.999,1425962.8490174,5045,7.27784,850972.0622496,0
2025-08-08 01:22:00,116963.57,117054.46,116924.0,117006.43,10.96957,2025-08-08 01:22:59.999,1283447.9110176,5038,7.45529,872334.6709833,0
2025-08-08 01:23:00,117006.43,117006.43,116965.49,116965.5,8.43283,2025-08-08 01:23:59.999,986574.9395741,4044,4.27114,499686.4197758,0
2025-08-08 01:24:00,116965.5,116965.5,116910.08,116930.0,6.69739,2025-08-08 01:24:59.999,783231.085014,2521,2.07549,242711.7283081,0
2025-08-08 01:25:00,116930.01,116940.0,116915.74,116933.99,3.9946,2025-08-08 01:25:59.999,467084.2540465,2183,1.45858,170553.0505401,0
2025-08-08 01:26:00,116934.0,116934.0,116907.75,116934.0,9.33635,2025-08-08 01:26:59.999,1091680.0622923,1688,1.22961,143762.176221,0
2025-08-08 01:27:00,116933.99,116974.12,116933.99,116947.0,2.72096,2025-08-08 01:27:59.999,318209.3228654,1772,1.24873,146033.2684629,0
2025-08-08 01:28:00,116947.0,116947.01,116933.99,116947.0,13.79879,2025-08-08 01:28:59.999,1613685.3777262,888,3.50108,409412.9559738,0
2025-08-08 01:29:00,116947.0,116947.0,116911.86,116911.86,4.27332,2025-08-08 01:29:59.999,499726.7026143,934,1.55351,181669.0087535,0
2025-08-08 01:30:00,116911.87,116972.18,116911.86,116972.17,10.77463,2025-08-08 01:30:59.999,1260005.9181082,2306,7.42691,868534.2169726,0
2025-08-08 01:31:00,116972.17,116996.19,116954.68,116954.69,9.14907,2025-08-08 01:31:59.999,1070276.4228369,2302,4.04161,472807.4814489,0
2025-08-08 01:32:00,116954.68,116954.69,116924.0,116947.9,4.60679,2025-08-08 01:32:59.999,538719.6512842,1812,0.88983,104049.3544186,0
2025-08-08 01:33:00,116947.89,116949.75,116913.45,116930.7,2.17556,2025-08-08 01:33:59.999,254393.9839168,2178,0.6773,79196.8369606,0
2025-08-08 01:34:00,116930.7,116944.37,116883.99,116884.0,20.08823,2025-08-08 01:34:59.999,2348365.60873,1450,2.93604,343236.221291,0
2025-08-08 01:35:00,116883.99,116908.0,116860.0,116892.59,8.37305,2025-08-08 01:35:59.999,978703.5242368,2235,4.14905,484957.6131705,0
2025-08-08 01:36:00,116892.59,116896.42,116860.0,116860.0,2.10412,2025-08-08 01:36:59.999,245945.988969,1024,0.37112,43376.3385278,0
2025-08-08 01:37:00,116860.01,116876.55,116850.58,116876.55,2.28953,2025-08-08 01:37:59.999,267559.5348952,870,0.95907,112086.0100046,0
2025-08-08 01:38:00,116876.55,116901.21,116876.55,116888.82,3.63956,2025-08-08 01:38:59.999,425451.384646,1165,2.0105,235014.922049,0
2025-08-08 01:39:00,116888.82,116888.82,116841.24,116841.24,16.28917,2025-08-08 01:39:59.999,1903583.8266335,1165,0.58462,68320.310491,0
2025-08-08 01:40:00,116841.23,116870.78,116841.06,116866.01,16.82426,2025-08-08 01:40:59.999,1965988.7482564,824,8.64319,1009949.8811862,0
2025-08-08 01:41:00,116866.0,116889.49,116846.66,116889.49,8.32061,2025-08-08 01:41:59.999,972384.3724778,2350,4.34928,508284.4285583,0
2025-08-08 01:42:00,116889.48,116889.49,116869.84,116881.96,8.99335,2025-08-08 01:42:59.999,1051112.9512861,1172,2.81993,329573.6016843,0
2025-08-08 01:43:00,116881.97,116906.52,116853.37,116853.38,11.49997,2025-08-08 01:43:59.999,1344307.6004317,1349,5.48834,641587.963199,0
2025-08-08 01:44:00,116853.38,116853.38,116829.59,116829.6,6.0566,2025-08-08 01:44:59.999,707650.781476,1091,1.79748,210015.0353488,0
2025-08-08 01:45:00,116829.6,116829.6,116815.64,116815.65,5.57953,2025-08-08 01:45:59.999,651847.2194147,724,0.62194,72659.0434428,0
2025-08-08 01:46:00,116815.64,116828.52,116786.43,116826.27,26.64288,2025-08-08 01:46:59.999,3112012.1779767,3589,12.36178,1443876.3886503,0
2025-08-08 01:47:00,116826.27,116851.99,116818.0,116851.99,11.57921,2025-08-08 01:47:59.999,1352808.6078099,2399,6.34596,741398.3546366,0
2025-08-08 01:48:00,116852.0,116920.0,116851.99,116884.74,8.00255,2025-08-08 01:48:59.999,935473.7032429,3483,5.66929,662718.9965118,0
2025-08-08 01:49:00,116884.74,116884.74,116836.38,116836.38,9.96616,2025-08-08 01:49:59.999,1164475.7684185,1241,7.02715,821037.9311656,0
2025-08-08 01:50:00,116836.39,116895.21,116808.59,116895.2,24.15644,2025-08-08 01:50:59.999,2822630.9324023,2093,16.77402,1960062.7479718,0
2025-08-08 01:51:00,116895.2,116895.21,116853.69,116872.29,9.55093,2025-08-08 01:51:59.999,1116269.5872603,1475,1.37057,160166.6005439,0
2025-08-08 01:52:00,116872.29,116896.18,116864.0,116890.0,3.56907,2025-08-08 01:52:59.999,417136.3827864,1068,2.49503,291595.3165218,0
2025-08-08 01:53:00,116890.0,116890.01,116853.57,116853.58,4.40435,2025-08-08 01:53:59.999,514719.9604284,1158,0.56766,66340.5733087,0
2025-08-08 01:54:00,116853.57,116884.0,116853.57,116879.63,4.29853,2025-08-08 01:54:59.999,502334.274601,1078,2.25317,263298.322932,0
2025-08-08 01:55:00,116879.63,116879.63,116843.69,116846.38,18.93841,2025-08-08 01:55:59.999,2213024.2200774,1642,12.64854,1477992.5106851,0
2025-08-08 01:56:00,116846.38,116872.62,116846.38,116872.61,4.01978,2025-08-08 01:56:59.999,469725.5061538,957,1.726,201696.1394572,0
2025-08-08 01:57:00,116872.62,116895.05,116860.31,116860.31,3.87906,2025-08-08 01:57:59.999,453410.9779539,1477,2.07422,242451.5386735,0
2025-08-08 01:58:00,116860.32,116860.32,116832.6,116852.12,6.78834,2025-08-08 01:58:59.999,793175.9833164,1422,2.63143,307452.1775354,0
2025-08-08 01:59:00,116852.12,116888.02,116852.12,116888.02,4.20145,2025-08-08 01:59:59.999,491016.3465794,1095,2.66875,311884.4790395,0
2025-08-08 02:00:00,116888.01,116923.21,116888.0,116923.2,5.89431,2025-08-08 02:00:59.999,689036.5657277,1132,4.41526,516117.0965768,0
2025-08-08 02:01:00,116923.2,116923.21,116897.68,116897.69,4.77478,2025-08-08 02:01:59.999,558232.0643801,1272,0.75241,87967.1027903,0
2025-08-08 02:02:00,116897.69,116897.69,116859.81,116860.0,5.90999,2025-08-08 02:02:59.999,690855.9865726,944,1.29741,151663.4429637,0
2025-08-08 02:03:00,116860.0,116883.17,116852.01,116859.99,6.14663,2025-08-08 02:03:59.999,718349.1480728,1649,2.40758,281364.6451457,0
2025-08-08 02:04:00,116859.99,116869.66,116853.42,116860.34,4.30559,2025-08-08 02:04:59.999,503151.7447246,1130,0.42314,49446.7596829,0
2025-08-08 02:05:00,116860.34,116860.35,116780.79,116818.37,11.14746,2025-08-08 02:05:59.999,1302334.2936119,3041,4.27604,499589.2193398,0
2025-08-08 02:06:00,116818.37,116866.0,116818.36,116866.0,3.78055,2025-08-08 02:06:59.999,441670.1728833,1399,2.04827,239300.6697366,0
2025-08-08 02:07:00,116866.0,116866.0,116852.01,116852.01,14.47106,2025-08-08 02:07:59.999,1691129.3925296,977,0.74943,87576.8064889,0
2025-08-08 02:08:00,116852.02,116871.73,116816.2,116816.2,7.77864,2025-08-08 02:08:59.999,908989.6359292,2016,4.50747,526758.8172692,0
2025-08-08 02:09:00,116816.2,116825.33,116796.65,116825.32,5.68737,2025-08-08 02:09:59.999,664334.0081568,1212,2.37715,277666.4269579,0
2025-08-08 02:10:00,116825.32,116850.05,116823.05,116850.05,4.28473,2025-08-08 02:10:59.999,500603.2878709,1292,2.89471,338197.6998545,0
2025-08-08 02:11:00,116850.04,116897.69,116850.04,116854.94,4.17237,2025-08-08 02:11:59.999,487625.2359454,1748,2.10672,246200.3998633,0
2025-08-08 02:12:00,116854.94,116854.95,116853.6,116853.6,2.17551,2025-08-08 02:12:59.999,254216.4856576,338,0.18871,22051.4726955,0
2025-08-08 02:13:00,116853.61,116864.0,116842.0,116862.5,3.95349,2025-08-08 02:13:59.999,461965.804045,1052,2.26661,264853.5814371,0
2025-08-08 02:14:00,116862.5,116873.96,116826.43,116873.96,5.01737,2025-08-08 02:14:59.999,586264.3672822,1817,2.58832,302442.0333837,0
2025-08-08 02:15:00,116873.96,116888.08,116873.96,116874.83,2.01271,2025-08-08 02:15:59.999,235245.4471766,684,0.60105,70251.6879525,0
2025-08-08 02:16:00,116874.83,116874.84,116844.02,116844.02,1.9289,2025-08-08 02:16:59.999,225410.5015093,1036,0.60364,70540.3949319,0
2025-08-08 02:17:00,116844.02,116848.57,116805.13,116814.26,6.82995,2025-08-08 02:17:59.999,797957.5040792,2214,1.83895,214843.6592617,0
2025-08-08 02:18:00,116814.25,116814.26,116791.95,116807.99,5.31311,2025-08-08 02:18:59.999,620596.0441229,1242,1.62616,189929.0449371,0
2025-08-08 02:19:00,116807.99,116808.0,116777.89,116777.9,2.77741,2025-08-08 02:19:59.999,324375.1960472,1119,0.32455,37904.6637529,0
2025-08-08 02:20:00,116777.89,116799.35,116773.31,116799.34,3.17835,2025-08-08 02:20:59.999,371189.7277001,1003,0.96945,113218.3578336,0
2025-08-08 02:21:00,116799.34,116799.35,116799.34,116799.35,3.91665,2025-08-08 02:21:59.999,457462.1546233,287,1.96123,229070.3892005,0
2025-08-08 02:22:00,116799.35,116799.35,116770.05,116794.36,10.08512,2025-08-08 02:22:59.999,1177699.9867176,1570,1.92677,225002.7907251,0
2025-08-08 02:23:00,116794.37,116800.09,116771.28,116800.09,5.49113,2025-08-08 02:23:59.999,641325.3659189,1904,1.06839,124776.5885983,0
2025-08-08 02:24:00,116800.09,116800.09,116800.08,116800.09,1.25531,2025-08-08 02:24:59.999,146620.3152068,219,0.6782,79213.821038,0
2025-08-08 02:25:00,116800.09,116812.86,116800.08,116812.86,1.01968,2025-08-08 02:25:59.999,119101.4075223,361,0.74013,86448.0322891,0
2025-08-08 02:26:00,116812.85,116828.74,116800.08,116800.09,1.26306,2025-08-08 02:26:59.999,147546.7694075,989,0.46912,54801.3318608,0
2025-08-08 02:27:00,116800.08,116800.09,116774.33,116774.34,3.11734,2025-08-08 02:27:59.999,364071.6575878,1231,0.45756,53439.784663,0
2025-08-08 02:28:00,116774.33,116774.34,116770.0,116770.0,1.27058,2025-08-08 02:28:59.999,148366.6082347,325,0.60444,70580.5232994,0
2025-08-08 02:29:00,116770.0,116779.23,116770.0,116779.23,2.89768,2025-08-08 02:29:59.999,338367.0206318,564,1.16307,135814.6147096,0
2025-08-08 02:30:00,116779.22,116779.23,116770.0,116770.01,1.79789,2025-08-08 02:30:59.999,209954.2653901,481,0.46842,54700.782913,0
2025-08-08 02:31:00,116770.01,116790.0,116770.0,116789.99,3.58385,2025-08-08 02:31:59.999,418513.6417008,686,2.55883,298814.8547278,0
2025-08-08 02:32:00,116789.99,116797.95,116789.99,116797.95,1.53456,2025-08-08 02:32:59.999,179229.5282509,219,1.22551,143133.7932346,0
2025-08-08 02:33:00,116797.95,116797.95,116784.65,116788.0,3.53653,2025-08-08 02:33:59.999,413032.7459637,582,1.12032,130837.0760236,0
2025-08-08 02:34:00,116788.0,116794.0,116787.99,116794.0,1.5305,2025-08-08 02:34:59.999,178747.4549928,298,0.9469,110589.2203488,0
2025-08-08 02:35:00,116793.99,116812.31,116765.2,116812.31,11.15041,2025-08-08 02:35:59.999,1302186.2382496,1669,1.63783,191269.9821696,0
2025-08-08 02:36:00,116812.31,116830.0,116800.46,116800.47,4.13945,2025-08-08 02:36:59.999,483581.1373334,1023,0.81506,95212.9816848,0
2025-08-08 02:37:00,116800.46,116800.47,116774.37,116774.37,3.85231,2025-08-08 02:37:59.999,449918.4524134,905,0.60438,70586.2124823,0
2025-08-08 02:38:00,116774.38,116774.38,116751.0,116754.18,6.44805,2025-08-08 02:38:59.999,752857.5536626,1542,3.62192,422880.7469147,0
2025-08-08 02:39:00,116754.18,116754.19,116733.0,116733.0,3.72516,2025-08-08 02:39:59.999,434872.8027095,1084,0.40832,47667.046561,0
2025-08-08 02:40:00,116733.0,116733.01,116700.0,116700.0,8.95338,2025-08-08 02:40:59.999,1044936.1551022,1903,0.87558,102196.217577,0
2025-08-08 02:41:00,116700.0,116759.18,116697.31,116759.18,12.31705,2025-08-08 02:41:59.999,1437532.3735439,1593,4.94943,577650.1767233,0
2025-08-08 02:42:00,116759.18,116759.18,116748.49,116748.5,2.82604,2025-08-08 02:42:59.999,329959.7561399,456,1.48399,173266.7381862,0
2025-08-08 02:43:00,116748.5,116792.97,116748.49,116792.97,2.6978,2025-08-08 02:43:59.999,315000.9109052,1427,2.35208,274633.1483461,0
2025-08-08 02:44:00,116792.97,116792.97,116753.27,116753.27,6.94937,2025-08-08 02:44:59.999,811494.7083982,1455,0.55502,64810.5156542,0
2025-08-08 02:45:00,116753.28,116790.0,116751.54,116790.0,9.5904,2025-08-08 02:45:59.999,1119844.8019168,1367,3.2172,375644.7512302,0
2025-08-08 02:46:00,116790.6,116842.95,116787.57,116842.95,13.8871,2025-08-08 02:46:59.999,1621996.045683,2785,7.81048,912242.9898784,0
2025-08-08 02:47:00,116842.94,116894.25,116830.02,116830.03,13.61712,2025-08-08 02:47:59.999,1591266.6922623,2788,9.18081,1072826.4916523,0
2025-08-08 02:48:00,116830.03,116860.68,116830.01,116860.67,2.82239,2025-08-08 02:48:59.999,329812.8682822,800,1.62973,190438.7479832,0
2025-08-08 02:49:00,116860.67,116899.46,116860.67,116899.46,4.77052,2025-08-08 02:49:59.999,557566.7023691,1185,1.5278,178564.2224635,0
2025-08-08 02:50:00,116899.46,116899.46,116873.96,116873.96,6.83091,2025-08-08 02:50:59.999,798456.3421879,1264,1.48072,173070.3846975,0
2025-08-08 02:51:00,116873.97,116873.97,116862.64,116862.64,5.41526,2025-08-08 02:51:59.999,632879.9953297,938,1.00008,116874.8585495,0
2025-08-08 02:52:00,116862.65,116862.65,116859.25,116859.25,5.65409,2025-08-08 02:52:59.999,660746.6874333,671,1.44801,169215.9256288,0
2025-08-08 02:53:00,116859.26,116859.26,116790.49,116790.49,5.60732,2025-08-08 02:53:59.999,655008.7078193,2314,0.29992,35029.6611184,0
2025-08-08 02:54:00,116790.49,116790.5,116761.23,116762.5,4.20635,2025-08-08 02:54:59.999,491170.7017297,1132,2.78734,325459.5773583,0
2025-08-08 02:55:00,116762.5,116762.5,116740.12,116740.13,3.47557,2025-08-08 02:55:59.999,405787.7099808,834,0.71881,83919.5079217,0
2025-08-08 02:56:00,116740.13,116773.78,116723.97,116723.97,7.78428,2025-08-08 02:56:59.999,908781.4012438,2743,3.34656,390691.3155281,0
2025-08-08 02:57:00,116723.98,116723.98,116720.0,116720.0,2.50419,2025-08-08 02:57:59.999,292291.3765877,474,0.69822,81496.4511076,0
2025-08-08 02:58:00,116720.0,116720.01,116700.0,116701.4,11.63799,2025-08-08 02:58:59.999,1358242.2658765,1520,1.81675,212018.3272527,0
2025-08-08 02:59:00,116701.39,116701.4,116694.28,116700.0,5.77041,2025-08-08 02:59:59.999,673400.1431852,857,1.77941,207652.8642653,0
2025-08-08 03:00:00,116700.0,116739.98,116699.99,116739.97,2.19513,2025-08-08 03:00:59.999,256201.0339398,1155,1.89084,220682.2632184,0
2025-08-08 03:01:00,116739.97,116739.98,116699.6,116699.61,25.18603,2025-08-08 03:01:59.999,2939660.5344285,1770,21.01758,2453124.9527841,0
2025-08-08 03:02:00,116699.6,116740.11,116699.6,116740.11,2.33248,2025-08-08 03:02:59.999,272223.5451816,988,1.03863,121222.5225736,0
2025-08-08 03:03:00,116740.11,116752.06,116735.35,116752.06,2.34099,2025-08-08 03:03:59.999,273289.6926065,735,1.08316,126449.2552588,0
2025-08-08 03:04:00,116752.06,116752.06,116704.02,116709.5,6.15802,2025-08-08 03:04:59.999,718818.8750487,2040,2.30471,269000.844832,0
2025-08-08 03:05:00,116709.49,116709.5,116700.72,116709.49,4.88289,2025-08-08 03:05:59.999,569873.6276151,933,1.2675,147925.32452,0
2025-08-08 03:06:00,116709.48,116736.03,116709.48,116736.02,2.01514,2025-08-08 03:06:59.999,235192.6685928,813,1.55333,181294.828441,0
2025-08-08 03:07:00,116736.02,116760.0,116716.01,116716.01,4.34832,2025-08-08 03:07:59.999,507595.8119025,2179,1.48897,173811.4478528,0
2025-08-08 03:08:00,116716.01,116716.02,116710.38,116710.38,1.41979,2025-08-08 03:08:59.999,165708.6229194,605,0.65046,75917.3337805,0
2025-08-08 03:09:00,116710.38,116710.39,116700.0,116700.01,1.71259,2025-08-08 03:09:59.999,199870.2972522,455,0.61862,72195.795587,0
2025-08-08 03:10:00,116700.0,116720.26,116700.0,116720.26,3.18462,2025-08-08 03:10:59.999,371662.1060466,677,1.91749,223784.6664591,0
2025-08-08 03:11:00,116720.26,116754.11,116720.25,116745.89,4.2545,2025-08-08 03:11:59.999,496683.2561362,1119,1.2115,141415.790305,0
2025-08-08 03:12:00,116745.89,116752.29,116745.88,116746.31,2.65134,2025-08-08 03:12:59.999,309538.1010523,640,0.70669,82503.3216493,0
2025-08-08 03:13:00,116746.31,116759.99,116746.31,116759.99,1.6903,2025-08-08 03:13:59.999,197338.186849,567,1.42524,166393.4044524,0
2025-08-08 03:14:00,116759.99,116805.04,116759.99,116805.04,2.76342,2025-08-08 03:14:59.999,322728.3928444,1184,2.48225,289897.1070566,0
2025-08-08 03:15:00,116805.03,116805.04,116790.17,116790.18,6.44812,2025-08-08 03:15:59.999,753122.5820391,827,1.01544,118594.2342575,0
2025-08-08 03:16:00,116790.17,116790.18,116757.98,116788.98,15.81618,2025-08-08 03:16:59.999,1846792.5071244,2105,10.33348,1206540.2877278,0
2025-08-08 03:17:00,116788.98,116843.43,116788.98,116843.42,17.31756,2025-08-08 03:17:59.999,2023031.5608257,1437,15.42333,1801762.3253355,0
2025-08-08 03:18:00,116843.42,116860.0,116843.42,116860.0,1.34598,2025-08-08 03:18:59.999,157276.2689519,500,1.16094,135655.1643545,0
2025-08-08 03:19:00,116859.99,116860.0,116856.44,116856.44,2.01089,2025-08-08 03:19:59.999,234987.9475679,328,0.40506,47333.949465,0
2025-08-08 03:20:00,116856.44,116856.45,116836.37,116836.38,11.65102,2025-08-08 03:20:59.999,1361332.43612,1058,4.79572,560317.9187814,0
2025-08-08 03:21:00,116836.39,116934.32,116836.38,116876.18,33.44798,2025-08-08 03:21:59.999,3910059.3285005,3712,12.28483,1436048.9047132,0
2025-08-08 03:22:00,116876.18,116964.0,116829.58,116928.21,31.13707,2025-08-08 03:22:59.999,3639921.4950817,5609,12.20986,1427548.3297683,0
2025-08-08 03:23:00,116928.22,116980.0,116823.85,116844.35,35.3746,2025-08-08 03:23:59.999,4135474.4049768,6983,11.24213,1314388.892845,0
2025-08-08 03:24:00,116844.35,116946.38,116825.17,116946.37,12.82244,2025-08-08 03:24:59.999,1498647.5764466,3477,10.07661,1177796.8389865,0
2025-08-08 03:25:00,116946.38,116980.0,116934.0,116977.34,41.63968,2025-08-08 03:25:59.999,4870155.7016512,2713,13.61446,1592198.6489637,0
2025-08-08 03:26:00,116977.35,116977.35,116960.0,116971.47,8.31546,2025-08-08 03:26:59.999,972653.3282396,1022,4.47994,523994.6465544,0
2025-08-08 03:27:00,116971.46,116971.47,116950.0,116950.0,7.37617,2025-08-08 03:27:59.999,862747.5856132,1292,1.91044,223455.598163,0
2025-08-08 03:28:00,116950.01,116950.01,116902.21,116902.22,6.12132,2025-08-08 03:28:59.999,715806.9471214,1851,1.14584,133995.1568382,0
2025-08-08 03:29:00,116902.21,116922.0,116902.21,116921.99,5.03756,2025-08-08 03:29:59.999,588931.0937391,785,3.62814,424153.5467603,0
2025-08-08 03:30:00,116921.99,116922.0,116880.0,116880.01,9.79778,2025-08-08 03:30:59.999,1145394.3703166,1087,1.05794,123679.8338502,0
2025-08-08 03:31:00,116880.01,116904.14,116870.42,116904.14,7.60126,2025-08-08 03:31:59.999,888546.3248137,1442,5.27758,616922.127351,0
2025-08-08 03:32:00,116904.13,116904.13,116826.78,116826.79,15.66483,2025-08-08 03:32:59.999,1830490.2432588,1548,5.59717,654018.5598281,0
2025-08-08 03:33:00,116826.78,116847.46,116804.5,116847.45,16.20784,2025-08-08 03:33:59.999,1893421.1942927,1954,10.78952,1260434.5305062,0
2025-08-08 03:34:00,116847.45,116847.45,116800.0,116800.01,3.87747,2025-08-08 03:34:59.999,452951.8924377,1206,1.03261,120623.1003042,0
2025-08-08 03:35:00,116800.0,116800.01,116791.1,116791.11,2.7469,2025-08-08 03:35:59.999,320823.4822387,521,0.69792,81511.8651122,0
2025-08-08 03:36:00,116791.1,116843.34,116791.1,116836.38,10.17472,2025-08-08 03:36:59.999,1188631.4309913,1607,3.83322,447726.518381,0
2025-08-08 03:37:00,116836.37,116836.38,116791.07,116791.07,7.9142,2025-08-08 03:37:59.999,924491.1207365,1651,0.36173,42253.7026073,0
2025-08-08 03:38:00,116791.08,116791.08,116766.83,116766.83,4.82943,2025-08-08 03:38:59.999,563998.6080501,1126,0.87795,102522.6306111,0
2025-08-08 03:39:00,116766.83,116766.84,116766.54,116766.54,4.0488,2025-08-08 03:39:59.999,472765.5324173,334,2.27087,265162.3136695,0
2025-08-08 03:40:00,116766.55,116766.55,116732.0,116760.57,8.96511,2025-08-08 03:40:59.999,1046638.0980683,2097,4.01432,468613.6298827,0
2025-08-08 03:41:00,116760.57,116774.0,116760.57,116773.99,6.81897,2025-08-08 03:41:59.999,796239.0707158,752,3.35662,391933.1301781,0
2025-08-08 03:42:00,116773.99,116774.0,116756.61,116756.62,5.32387,2025-08-08 03:42:59.999,621654.5276979,750,1.47219,171897.0430622,0
2025-08-08 03:43:00,116756.61,116757.99,116741.52,116757.99,35.63213,2025-08-08 03:43:59.999,4160117.3788916,1363,30.28282,3535558.158336,0
2025-08-08 03:44:00,116757.98,116757.99,116742.31,116743.76,15.48338,2025-08-08 03:44:59.999,1807614.7201465,785,9.23748,1078406.2589852,0
2025-08-08 03:45:00,116743.76,116743.77,116732.23,116732.26,18.39648,2025-08-08 03:45:59.999,2147544.6491282,754,10.42027,1216385.0696312,0
2025-08-08 03:46:00,116732.26,116736.01,116725.0,116730.53,23.11737,2025-08-08 03:46:59.999,2698515.8702681,908,13.63231,1591293.6941499,0
2025-08-08 03:47:00,116730.53,116731.33,116730.53,116731.33,9.53785,2025-08-08 03:47:59.999,1113359.1759875,280,7.67867,896335.4129398,0
2025-08-08 03:48:00,116731.32,116731.33,116731.0,116731.01,5.20834,2025-08-08 03:48:59.999,607975.8394173,269,0.34498,40269.9273242,0
2025-08-08 03:49:00,116731.0,116731.01,116731.0,116731.01,4.29114,2025-08-08 03:49:59.999,500909.0787842,226,1.54442,180281.7064642,0
2025-08-08 03:50:00,116731.01,116731.01,116725.14,116725.14,5.03352,2025-08-08 03:50:59.999,587562.6442652,600,0.29962,34974.1467321,0
2025-08-08 03:51:00,116725.14,116725.15,116725.01,116725.02,24.51368,2025-08-08 03:51:59.999,2861362.7595877,530,8.46677,988284.9752685,0
2025-08-08 03:52:00,116725.02,116725.02,116724.0,116724.0,11.64111,2025-08-08 03:52:59.999,1358805.2110023,516,0.24664,28788.9324634,0
2025-08-08 03:53:00,116724.0,116724.01,116717.98,116717.98,9.29256,2025-08-08 03:53:59.999,1084622.4705259,540,2.83275,330632.9941423,0
2025-08-08 03:54:00,116717.98,116730.0,116717.98,116729.99,8.18105,2025-08-08 03:54:59.999,954890.3160453,1022,5.4099,631442.9506694,0
2025-08-08 03:55:00,116730.0,116750.15,116729.99,116750.14,8.46791,2025-08-08 03:55:59.999,988588.6993996,739,1.65997,193776.2518881,0
2025-08-08 03:56:00,116750.15,116750.15,116739.35,116739.36,6.07054,2025-08-08 03:56:59.999,708692.2297279,645,3.34101,390029.6989245,0
2025-08-08 03:57:00,116739.35,116739.36,116737.36,116737.36,3.32071,2025-08-08 03:57:59.999,387655.5348684,409,0.36737,42886.4225976,0
2025-08-08 03:58:00,116737.36,116737.37,116737.34,116737.34,6.59866,2025-08-08 03:58:59.999,770310.1329273,340,0.68453,79910.2225235,0
2025-08-08 03:59:00,116737.35,116737.35,116737.34,116737.35,5.99897,2025-08-08 03:59:59.999,700303.8374592,448,3.69194,430987.291959,0
2025-08-08 04:00:00,116737.34,116737.35,116730.99,116737.19,11.81233,2025-08-08 04:00:59.999,1378915.174179,928,3.98429,465097.2654573,0
2025-08-08 04:01:00,116737.19,116737.19,116720.89,116720.9,4.14364,2025-08-08 04:01:59.999,483684.2770754,780,1.00233,116999.2518711,0
2025-08-08 04:02:00,116720.9,116721.76,116700.0,116714.64,16.52093,2025-08-08 04:02:59.999,1928117.7848732,1575,7.481,873056.5303793,0
2025-08-08 04:03:00,116714.65,116714.65,116694.05,116694.05,2.91729,2025-08-08 04:03:59.999,340448.4246586,813,0.30665,35785.4910729,0
2025-08-08 04:04:00,116694.05,116719.14,116677.67,116713.03,11.92997,2025-08-08 04:04:59.999,1392244.1004897,1774,4.07768,475841.0822093,0
2025-08-08 04:05:00,116713.03,116713.04,116685.17,116685.18,5.64059,2025-08-08 04:05:59.999,658243.0516153,1479,0.52677,61470.7548571,0
2025-08-08 04:06:00,116685.17,116685.17,116666.0,116671.85,6.21781,2025-08-08 04:06:59.999,725439.9840376,1759,2.69108,313962.8497698,0
2025-08-08 04:07:00,116671.84,116720.6,116671.84,116720.6,7.40594,2025-08-08 04:07:59.999,864254.3513935,2685,3.51085,409696.6198917,0
2025-08-08 04:08:00,116720.6,116728.59,116704.15,116704.15,20.97081,2025-08-08 04:08:59.999,2447700.2878324,2404,4.2053,490839.0937912,0
2025-08-08 04:09:00,116704.16,116704.16,116703.9,116703.91,3.12621,2025-08-08 04:09:59.999,364841.6771102,422,0.42697,49829.1749377,0
2025-08-08 04:10:00,116703.9,116727.62,116703.9,116727.62,4.97488,2025-08-08 04:10:59.999,580637.6881372,1329,2.20095,256878.8014016,0
2025-08-08 04:11:00,116727.62,116793.01,116727.62,116793.01,6.25658,2025-08-08 04:11:59.999,730457.9527873,1861,3.96372,462795.8269794,0
2025-08-08 04:12:00,116793.01,116828.63,116793.01,116814.32,10.53606,2025-08-08 04:12:59.999,1230827.113046,1986,7.42295,867156.5076217,0
2025-08-08 04:13:00,116814.32,116842.81,116814.32,116823.97,4.94355,2025-08-08 04:13:59.999,577581.3893616,1436,2.00033,233698.1443412,0
2025-08-08 04:14:00,116823.97,116823.97,116815.4,116815.41,1.96659,2025-08-08 04:14:59.999,229731.0491435,524,0.5384,62894.2177796,0
2025-08-08 04:15:00,116815.4,116850.59,116815.39,116850.58,10.76428,2025-08-08 04:15:59.999,1257468.6113933,949,6.89659,805656.5286045,0
2025-08-08 04:16:00,116850.58,116869.49,116850.58,116853.37,4.44216,2025-08-08 04:16:59.999,519108.8961778,1057,2.1807,254828.6858151,0
2025-08-08 04:17:00,116853.37,116853.38,116827.27,116827.27,2.64871,2025-08-08 04:17:59.999,309488.8539516,968,0.66641,77861.5028186,0
2025-08-08 04:18:00,116827.27,116827.28,116826.02,116826.02,1.82022,2025-08-08 04:18:59.999,212650.7822649,282,0.4765,55667.8855075,0
2025-08-08 04:19:00,116826.03,116826.03,116802.71,116802.72,5.16029,2025-08-08 04:19:59.999,602785.6822866,1276,3.16911,370182.3955315,0
2025-08-08 04:20:00,116802.71,116802.72,116763.94,116763.94,2.12954,2025-08-08 04:20:59.999,248692.684726,1548,0.15301,17868.0290057,0
2025-08-08 04:21:00,116763.94,116763.95,116761.23,116761.24,1.2569,2025-08-08 04:21:59.999,146758.1700023,373,0.41009,47882.6972652,0
2025-08-08 04:22:00,116761.23,116786.96,116761.23,116786.95,9.77717,2025-08-08 04:22:59.999,1141606.0733089,834,8.86296,1034857.4722442,0
2025-08-08 04:23:00,116786.95,116796.78,116786.95,116790.0,1.51288,2025-08-08 04:23:59.999,176689.2649562,424,0.2247,26242.5398018,0
2025-08-08 04:24:00,116790.0,116790.01,116790.0,116790.01,4.35833,2025-08-08 04:24:59.999,509009.3627081,262,0.20081,23452.6019081,0
2025-08-08 04:25:00,116790.0,116790.01,116758.0,116758.01,2.43158,2025-08-08 04:25:59.999,283930.2160658,933,0.35234,41146.2162602,0
2025-08-08 04:26:00,116758.0,116787.68,116758.0,116787.67,7.94811,2025-08-08 04:26:59.999,928025.8829314,974,6.73387,786246.0663218,0
2025-08-08 04:27:00,116787.67,116787.68,116777.39,116777.4,9.843,2025-08-08 04:27:59.999,1149526.827467,703,1.17688,137444.142368,0
2025-08-08 04:28:00,116777.39,116777.4,116777.39,116777.4,6.13575,2025-08-08 04:28:59.999,716516.8738918,388,0.31993,37360.593582,0
2025-08-08 04:29:00,116777.39,116777.4,116774.03,116774.03,3.57003,2025-08-08 04:29:59.999,416891.2258387,522,1.11431,130122.8699658,0
2025-08-08 04:30:00,116774.04,116791.02,116768.18,116789.07,7.01817,2025-08-08 04:30:59.999,819515.0723521,1212,4.23607,494642.9826761,0
2025-08-08 04:31:00,116789.08,116815.39,116789.07,116815.38,3.13823,2025-08-08 04:31:59.999,366531.1718918,941,2.08592,243624.0962997,0
2025-08-08 04:32:00,116815.38,116815.39,116798.8,116798.8,4.14484,2025-08-08 04:32:59.999,484161.1157927,702,0.43086,50326.631838,0
2025-08-08 04:33:00,116798.8,116826.02,116798.8,116826.02,6.10999,2025-08-08 04:33:59.999,713702.829199,840,4.82743,563885.9293064,0
2025-08-08 04:34:00,116826.01,116826.01,116790.0,116790.0,5.80826,2025-08-08 04:34:59.999,678500.5063658,1500,0.47805,55839.8865384,0
2025-08-08 04:35:00,116790.0,116810.08,116790.0,116810.08,4.74519,2025-08-08 04:35:59.999,554227.8483711,821,3.55133,414784.7397595,0
2025-08-08 04:36:00,116810.08,116810.08,116810.07,116810.08,1.93597,2025-08-08 04:36:59.999,226140.80799,193,1.67721,195915.0342768,0
2025-08-08 04:37:00,116810.07,116810.08,116802.71,116802.71,5.70782,2025-08-08 04:37:59.999,666721.0515263,388,4.51995,527968.1738576,0
2025-08-08 04:38:00,116802.72,116820.0,116802.71,116820.0,5.7263,2025-08-08 04:38:59.999,668884.3183079,1221,4.108,479856.5252575,0
2025-08-08 04:39:00,116820.0,116820.0,116819.97,116819.98,6.81721,2025-08-08 04:39:59.999,796386.3822116,320,0.81255,94922.078297,0
2025-08-08 04:40:00,116819.97,116819.98,116819.97,116819.98,4.74003,2025-08-08 04:40:59.999,553730.2019321,309,3.9533,461824.426934,0
2025-08-08 04:41:00,116819.98,116819.98,116808.1,116808.1,4.99781,2025-08-08 04:41:59.999,583807.1939071,626,1.59706,186555.882339,0
2025-08-08 04:42:00,116808.1,116808.11,116789.02,116789.02,3.1871,2025-08-08 04:42:59.999,372269.9039294,1236,0.37111,43347.8782207,0
2025-08-08 04:43:00,116789.02,116789.03,116759.64,116759.65,1.5905,2025-08-08 04:43:59.999,185728.4510222,1373,0.10094,11787.6738749,0
2025-08-08 04:44:00,116759.64,116759.65,116753.56,116753.56,4.04502,2025-08-08 04:44:59.999,472292.5069961,578,0.52493,61289.6415206,0
2025-08-08 04:45:00,116753.57,116753.57,116750.93,116750.94,3.05198,2025-08-08 04:45:59.999,356325.0568597,486,0.39455,46064.4097837,0
2025-08-08 04:46:00,116750.94,116765.91,116750.93,116765.91,5.1087,2025-08-08 04:46:59.999,596470.1211532,661,4.97798,581207.3653364,0
2025-08-08 04:47:00,116765.91,116765.91,116764.95,116764.95,2.56029,2025-08-08 04:47:59.999,298953.9434172,376,1.53697,179465.0831832,0
2025-08-08 04:48:00,116764.95,116764.96,116750.0,116750.01,5.92716,2025-08-08 04:48:59.999,692064.0759159,685,1.5939,186109.6670412,0
2025-08-08 04:49:00,116750.01,116750.01,116750.0,116750.0,2.36041,2025-08-08 04:49:59.999,275577.8697194,123,0.22194,25911.4972194,0
2025-08-08 04:50:00,116750.01,116799.38,116750.0,116799.37,17.61115,2025-08-08 04:50:59.999,2056465.0071408,1411,17.40433,2032315.9721121,0
2025-08-08 04:51:00,116799.37,116799.38,116778.68,116778.68,3.40818,2025-08-08 04:51:59.999,398062.6614196,824,1.04355,121885.3268757,0
2025-08-08 04:52:00,116778.69,116778.69,116774.52,116774.53,2.04765,2025-08-08 04:52:59.999,239115.9366609,323,0.0916,10696.7999336,0
2025-08-08 04:53:00,116774.53,116779.6,116774.52,116779.59,12.7448,2025-08-08 04:53:59.999,1488320.1393175,635,2.53494,296017.4733143,0
2025-08-08 04:54:00,116779.59,116779.6,116779.59,116779.59,0.32044,2025-08-08 04:54:59.999,37420.8536009,119,0.17813,20801.950148,0
2025-08-08 04:55:00,116779.6,116779.6,116779.59,116779.59,2.18429,2025-08-08 04:55:59.999,255080.4935891,220,0.2948,34426.62608,0
2025-08-08 04:56:00,116779.59,116779.6,116761.23,116761.23,2.65725,2025-08-08 04:56:59.999,310292.7983434,813,0.72705,84893.1486346,0
2025-08-08 04:57:00,116761.24,116761.24,116757.01,116757.02,0.53754,2025-08-08 04:57:59.999,62763.4788122,298,0.20247,23640.6323274,0
2025-08-08 04:58:00,116757.02,116757.02,116750.01,116750.01,0.91276,2025-08-08 04:58:59.999,106565.9570144,384,0.41513,48466.4493826,0
2025-08-08 04:59:00,116750.01,116750.02,116750.0,116750.01,1.53746,2025-08-08 04:59:59.999,179498.473012,214,0.50455,58906.2224475,0
2025-08-08 05:00:00,116750.01,116750.01,116728.58,116728.58,4.6466,2025-08-08 05:00:59.999,542479.337412,953,0.34599,40393.0747836,0
2025-08-08 05:01:00,116728.59,116728.59,116718.05,116718.06,1.33909,2025-08-08 05:01:59.999,156302.9689567,604,0.42167,49219.9666579,0
2025-08-08 05:02:00,116718.05,116718.06,116707.3,116707.3,1.26809,2025-08-08 05:02:59.999,147999.6080229,695,0.21377,24950.3380762,0
2025-08-08 05:03:00,116707.31,116707.31,116673.25,116673.26,11.19461,2025-08-08 05:03:59.999,1306427.6688119,1165,0.9194,107288.3994697,0
2025-08-08 05:04:00,116673.25,116673.26,116654.66,116654.66,4.15744,2025-08-08 05:04:59.999,485025.0024064,1144,1.07594,125522.3908592,0
2025-08-08 05:05:00,116654.67,116654.67,116652.46,116654.24,6.44545,2025-08-08 05:05:59.999,751886.0187447,672,5.2538,612875.2143355,0
2025-08-08 05:06:00,116654.24,116654.24,116654.23,116654.24,1.9865,2025-08-08 05:06:59.999,231733.6444102,223,1.65152,192656.8104448,0
2025-08-08 05:07:00,116654.23,116654.24,116616.8,116616.81,12.34063,2025-08-08 05:07:59.999,1439305.3378921,1446,2.74092,319642.1651844,0
2025-08-08 05:08:00,116616.81,116616.81,116614.61,116614.62,4.98055,2025-08-08 05:08:59.999,580811.8272129,474,2.18555,254870.0756675,0
2025-08-08 05:09:00,116614.62,116650.59,116614.61,116650.58,7.6777,2025-08-08 05:09:59.999,895367.1843709,1210,5.98838,698363.7756885,0
2025-08-08 05:10:00,116650.59,116696.25,116650.58,116696.24,5.0428,2025-08-08 05:10:59.999,588314.9183571,1411,3.46867,404675.0148945,0
2025-08-08 05:11:00,116696.24,116748.66,116696.24,116701.4,14.32919,2025-08-08 05:11:59.999,1672594.1998734,2207,6.39651,746642.1140007,0
2025-08-08 05:12:00,116701.4,116701.4,116682.45,116682.45,5.10884,2025-08-08 05:12:59.999,596178.1459693,1442,0.95272,111180.6652816,0
2025-08-08 05:13:00,116682.46,116682.46,116660.08,116660.09,4.37887,2025-08-08 05:13:59.999,510893.7858328,1655,0.43911,51229.6610494,0
2025-08-08 05:14:00,116660.08,116660.08,116650.74,116650.75,5.83793,2025-08-08 05:14:59.999,681014.8436579,628,0.68963,80446.4223923,0
2025-08-08 05:15:00,116650.75,116696.96,116650.75,116696.95,4.57853,2025-08-08 05:15:59.999,534217.9903692,1137,2.13534,249124.1950228,0
2025-08-08 05:16:00,116696.95,116696.95,116696.94,116696.95,1.32874,2025-08-08 05:16:59.999,155059.8958815,172,0.38259,44647.0861005,0
2025-08-08 05:17:00,116696.94,116696.95,116685.18,116685.18,2.33106,2025-08-08 05:17:59.999,272022.3179824,689,0.32444,37860.5841352,0
2025-08-08 05:18:00,116685.17,116685.17,116666.88,116679.0,3.36093,2025-08-08 05:18:59.999,392117.1204722,1259,2.60953,304450.5262144,0
2025-08-08 05:19:00,116679.29,116679.7,116679.29,116679.7,1.30866,2025-08-08 05:19:59.999,152694.0195673,258,0.3782,44128.2352099,0
2025-08-08 05:20:00,116679.7,116694.4,116679.69,116694.4,3.64214,2025-08-08 05:20:59.999,424982.080109,525,2.06841,241353.9921641,0
2025-08-08 05:21:00,116694.4,116694.4,116694.39,116694.4,1.01943,2025-08-08 05:21:59.999,118961.7694764,139,0.74787,87272.240928,0
2025-08-08 05:22:00,116694.39,116694.4,116668.63,116668.64,2.19534,2025-08-08 05:22:59.999,256149.19441,652,0.64736,75528.6098236,0
2025-08-08 05:23:00,116668.64,116668.64,116660.0,116660.0,2.05167,2025-08-08 05:23:59.999,239361.5404328,358,0.47728,55682.6872472,0
2025-08-08 05:24:00,116660.0,116664.78,116651.59,116651.6,22.92818,2025-08-08 05:24:59.999,2674813.7019941,681,20.52792,2394796.7259069,0
2025-08-08 05:25:00,116651.59,116651.6,116620.31,116620.32,3.39177,2025-08-08 05:25:59.999,395566.468628,1318,2.05573,239740.3263263,0
2025-08-08 05:26:00,116620.31,116646.9,116620.31,116646.89,3.93205,2025-08-08 05:26:59.999,458617.1852358,857,2.48767,290139.7649282,0
2025-08-08 05:27:00,116646.9,116658.1,116646.89,116658.09,2.04948,2025-08-08 05:27:59.999,239073.9559009,340,1.38652,161738.9154505,0
2025-08-08 05:28:00,116658.09,116658.1,116658.09,116658.1,0.821,2025-08-08 05:28:59.999,95776.293451,129,0.1561,18210.32941,0
2025-08-08 05:29:00,116658.1,116658.1,116658.09,116658.1,1.88369,2025-08-08 05:29:59.999,219747.6924986,118,1.49465,174363.029165,0
2025-08-08 05:30:00,116658.09,116658.09,116641.76,116641.76,8.77607,2025-08-08 05:30:59.999,1023753.0622225,822,0.57545,67128.7442908,0
2025-08-08 05:31:00,116641.77,116641.77,116605.65,116605.66,4.51989,2025-08-08 05:31:59.999,527147.8007792,720,0.75383,87924.6316809,0
2025-08-08 05:32:00,116605.66,116605.66,116600.0,116605.65,8.39353,2025-08-08 05:32:59.999,978724.1869728,979,3.14831,367105.6022431,0
2025-08-08 05:33:00,116605.66,116605.66,116593.84,116593.85,4.71064,2025-08-08 05:33:59.999,549249.9245218,663,3.13818,365896.7450305,0
2025-08-08 05:34:00,116593.85,116593.85,116584.0,116584.0,5.70638,2025-08-08 05:34:59.999,665307.0834733,701,1.33401,155534.3324509,0
2025-08-08 05:35:00,116584.0,116584.01,116584.0,116584.01,3.62709,2025-08-08 05:35:59.999,422860.6645717,401,0.40117,46770.0072917,0
2025-08-08 05:36:00,116584.0,116584.01,116584.0,116584.01,1.36519,2025-08-08 05:36:59.999,159159.3148154,177,0.38554,44947.7992154,0
2025-08-08 05:37:00,116584.01,116584.01,116584.0,116584.01,2.48528,2025-08-08 05:37:59.999,289743.9061259,213,2.26059,263548.6471659,0
2025-08-08 05:38:00,116584.0,116584.01,116584.0,116584.01,3.50289,2025-08-08 05:38:59.999,408380.9590879,364,3.13279,365233.2206879,0
2025-08-08 05:39:00,116584.01,116593.73,116584.0,116586.67,10.32266,2025-08-08 05:39:59.999,1203544.1087944,515,1.17642,137154.3699628,0
2025-08-08 05:40:00,116586.68,116589.89,116585.86,116585.9,20.51816,2025-08-08 05:40:59.999,2392184.8193562,608,1.43231,166987.5857426,0
2025-08-08 05:41:00,116585.9,116585.9,116585.86,116585.87,5.28315,2025-08-08 05:41:59.999,615940.7229292,284,0.66716,77781.4404523,0
2025-08-08 05:42:00,116585.87,116585.87,116584.83,116584.84,2.36533,2025-08-08 05:42:59.999,275763.671514,234,0.47478,55352.5246578,0
2025-08-08 05:43:00,116584.84,116584.84,116579.37,116580.01,7.76652,2025-08-08 05:43:59.999,905449.7914667,543,2.1334,248721.0975955,0
2025-08-08 05:44:00,116580.01,116580.01,116579.37,116579.38,2.66555,2025-08-08 05:44:59.999,310749.681177,345,0.87932,102511.0960073,0
2025-08-08 05:45:00,116579.38,116579.38,116577.16,116577.17,2.30286,2025-08-08 05:45:59.999,268465.8215906,354,0.51703,60275.0130176,0
2025-08-08 05:46:00,116577.17,116577.17,116564.39,116564.39,1.71464,2025-08-08 05:46:59.999,199879.5853496,832,0.2617,30506.8632641,0
2025-08-08 05:47:00,116564.39,116564.4,116564.39,116564.39,1.00356,2025-08-08 05:47:59.999,116979.3619849,223,0.27565,32130.97686,0
2025-08-08 05:48:00,116564.39,116564.4,116557.83,116557.84,9.80358,2025-08-08 05:48:59.999,1142703.2297562,493,3.95458,460938.8355561,0
2025-08-08 05:49:00,116557.83,116557.84,116555.97,116556.0,28.04907,2025-08-08 05:49:59.999,3269320.5159608,622,16.75484,1952893.659545,0
2025-08-08 05:50:00,116556.0,116557.84,116555.99,116556.02,27.5635,2025-08-08 05:50:59.999,3212728.2983764,826,10.93147,1274135.6892659,0
2025-08-08 05:51:00,116556.02,116556.02,116554.95,116554.95,9.63852,2025-08-08 05:51:59.999,1123427.156908,469,1.06962,124670.5305572,0
2025-08-08 05:52:00,116554.95,116554.96,116554.95,116554.95,0.71239,2025-08-08 05:52:59.999,83032.5848895,268,0.4059,47309.658264,0
2025-08-08 05:53:00,116554.96,116554.96,116551.0,116551.0,5.75078,2025-08-08 05:53:59.999,670268.8377611,610,0.92925,108307.782145,0
2025-08-08 05:54:00,116550.91,116550.92,116550.0,116550.0,3.14069,2025-08-08 05:54:59.999,366048.0174781,242,0.23152,26983.6793726,0
2025-08-08 05:55:00,116550.01,116550.01,116550.0,116550.01,1.57412,2025-08-08 05:55:59.999,183463.6947201,123,0.87201,101632.7742201,0
2025-08-08 05:56:00,116550.01,116550.01,116550.0,116550.01,1.2554,2025-08-08 05:56:59.999,146316.8815746,144,1.15746,134901.9745746,0
2025-08-08 05:57:00,116550.01,116550.01,116550.0,116550.0,1.09308,2025-08-08 05:57:59.999,127398.4821309,159,0.81309,94765.6476309,0
2025-08-08 05:58:00,116550.0,116550.01,116550.0,116550.01,1.148,2025-08-08 05:58:59.999,133799.4055887,172,0.55887,65136.3040887,0
2025-08-08 05:59:00,116550.01,116550.01,116505.0,116530.63,12.04609,2025-08-08 05:59:59.999,1403746.027435,2030,3.13621,365419.4254128,0
2025-08-08 06:00:00,116530.64,116530.64,116477.4,116478.0,12.96325,2025-08-08 06:00:59.999,1510145.4902877,3256,3.16721,368924.8699699,0
2025-08-08 06:01:00,116478.0,116499.0,116478.0,116495.12,9.80192,2025-08-08 06:01:59.999,1141844.5291453,1172,3.71296,432495.7279066,0
2025-08-08 06:02:00,116495.12,116495.12,116495.1,116495.11,6.91184,2025-08-08 06:02:59.999,805195.5711603,417,1.07466,125192.6453466,0
2025-08-08 06:03:00,116495.11,116495.11,116495.1,116495.11,4.19071,2025-08-08 06:03:59.999,488197.2103625,519,2.98415,347638.8825065,0
2025-08-08 06:04:00,116495.11,116495.11,116495.1,116495.11,0.49714,2025-08-08 06:04:59.999,57914.3767138,159,0.26998,31451.3497978,0
2025-08-08 06:05:00,116495.11,116495.11,116495.1,116495.11,1.47797,2025-08-08 06:05:59.999,172176.2737862,285,1.08392,126271.3796312,0
2025-08-08 06:06:00,116495.11,116495.11,116430.6,116444.16,12.02757,2025-08-08 06:06:59.999,1400737.3508826,2402,3.17114,369242.8857339,0
2025-08-08 06:07:00,116444.17,116444.17,116411.64,116411.64,8.39584,2025-08-08 06:07:59.999,977501.3645153,1779,1.24436,144879.5685608,0
2025-08-08 06:08:00,116411.65,116411.65,116401.0,116401.01,2.71595,2025-08-08 06:08:59.999,316152.3361207,638,0.43634,50790.6216644,0
2025-08-08 06:09:00,116401.01,116401.01,116401.0,116401.01,1.67719,2025-08-08 06:09:59.999,195226.598795,199,0.5605,65242.766105,0
2025-08-08 06:10:00,116401.01,116442.52,116401.0,116442.52,20.2326,2025-08-08 06:10:59.999,2355220.0486827,1350,18.48249,2151479.9819,0
2025-08-08 06:11:00,116442.51,116458.23,116442.51,116458.23,3.78841,2025-08-08 06:11:59.999,441184.6749228,735,3.58764,417803.6215161,0
2025-08-08 06:12:00,116458.23,116499.0,116458.22,116479.08,20.77342,2025-08-08 06:12:59.999,2419452.9762219,1716,16.32652,1901416.3306431,0
2025-08-08 06:13:00,116479.08,116485.96,116479.07,116485.96,3.97238,2025-08-08 06:13:59.999,462711.2702506,476,2.24793,261841.9230035,0
2025-08-08 06:14:00,116485.96,116564.4,116485.95,116564.4,19.85857,2025-08-08 06:14:59.999,2313746.5540263,2108,10.24497,1193756.3468232,0
2025-08-08 06:15:00,116564.39,116566.0,116535.78,116535.79,6.32303,2025-08-08 06:15:59.999,736972.7206792,1529,0.87055,101453.335163,0
2025-08-08 06:16:00,116535.79,116555.99,116535.78,116548.64,2.23415,2025-08-08 06:16:59.999,260377.0525128,752,1.37952,160771.0343055,0
2025-08-08 06:17:00,116548.63,116548.64,116522.47,116522.48,2.27864,2025-08-08 06:17:59.999,265541.1733939,837,0.61747,71952.82457,0
2025-08-08 06:18:00,116522.47,116522.48,116515.44,116515.45,1.88923,2025-08-08 06:18:59.999,220130.9398548,296,1.62714,189592.6095878,0
2025-08-08 06:19:00,116515.45,116515.45,116505.78,116505.79,1.97361,2025-08-08 06:19:59.999,229948.7627823,362,0.35782,41690.8629382,0
2025-08-08 06:20:00,116505.79,116533.33,116505.78,116521.23,7.16485,2025-08-08 06:20:59.999,834846.2960439,1315,4.85748,565969.3003426,0
2025-08-08 06:21:00,116521.24,116521.24,116462.78,116462.79,2.22413,2025-08-08 06:21:59.999,259072.4733826,1414,0.33008,38447.7090558,0
2025-08-08 06:22:00,116462.78,116462.79,116462.78,116462.79,0.91674,2025-08-08 06:22:59.999,106766.0957937,178,0.68565,79852.7119635,0
2025-08-08 06:23:00,116462.79,116519.41,116462.78,116519.41,29.296,2025-08-08 06:23:59.999,3413056.6601078,1462,28.28433,3295183.0380167,0
2025-08-08 06:24:00,116519.41,116531.99,116519.4,116531.98,1.03138,2025-08-08 06:24:59.999,120183.5861486,520,0.70712,82397.0917834,0
2025-08-08 06:25:00,116531.98,116573.36,116531.98,116573.35,8.26745,2025-08-08 06:25:59.999,963552.5814325,1511,5.01711,584702.821609,0
2025-08-08 06:26:00,116573.36,116646.73,116573.35,116639.43,21.93312,2025-08-08 06:26:59.999,2557447.4155342,2484,16.13063,1880821.809149,0
2025-08-08 06:27:00,116639.43,116664.99,116622.46,116622.46,4.5981,2025-08-08 06:27:59.999,536370.0821258,1699,2.5957,302802.3585188,0
2025-08-08 06:28:00,116622.47,116622.47,116613.1,116613.1,1.50479,2025-08-08 06:28:59.999,175480.689103,449,0.98558,114931.7995167,0
2025-08-08 06:29:00,116613.11,116637.99,116613.1,116637.98,4.90662,2025-08-08 06:29:59.999,572190.7771903,1056,3.95802,461569.8335049,0
2025-08-08 06:30:00,116637.99,116677.91,116637.99,116677.91,9.24255,2025-08-08 06:30:59.999,1078291.5567603,2316,7.24407,845127.915482,0
2025-08-08 06:31:00,116677.9,116680.39,116672.85,116680.39,4.82694,2025-08-08 06:31:59.999,563190.9894674,492,2.52157,294204.6858378,0
2025-08-08 06:32:00,116680.38,116680.39,116628.6,116628.6,6.15427,2025-08-08 06:32:59.999,718027.7573607,1596,0.5344,62346.3745364,0
2025-08-08 06:33:00,116628.61,116628.61,116586.0,116586.0,2.27682,2025-08-08 06:33:59.999,265497.3518663,983,0.5066,59076.2718722,0
2025-08-08 06:34:00,116586.0,116589.39,116586.0,116589.38,2.68147,2025-08-08 06:34:59.999,312625.1847565,490,2.46479,287362.6186465,0
2025-08-08 06:35:00,116589.38,116598.32,116589.38,116598.31,2.64281,2025-08-08 06:35:59.999,308130.0986371,596,2.35931,275076.8017045,0
2025-08-08 06:36:00,116598.31,116665.69,116598.31,116664.52,2.99335,2025-08-08 06:36:59.999,349137.5541144,1455,2.76626,322650.0286841,0
2025-08-08 06:37:00,116664.52,116684.68,116664.52,116664.52,2.91871,2025-08-08 06:37:59.999,340540.2910512,1233,1.4434,168404.9512992,0
2025-08-08 06:38:00,116664.53,116664.53,116660.0,116660.01,0.69648,2025-08-08 06:38:59.999,81252.5296668,251,0.3763,43899.1983298,0
2025-08-08 06:39:00,116660.0,116660.01,116628.13,116628.13,1.57111,2025-08-08 06:39:59.999,183274.0793128,837,0.35582,41508.3038453,0
2025-08-08 06:40:00,116628.14,116649.96,116625.33,116649.96,3.79495,2025-08-08 06:40:59.999,442603.6445778,694,3.07818,359009.5378279,0
2025-08-08 06:41:00,116649.96,116676.53,116649.95,116676.52,2.06545,2025-08-08 06:41:59.999,240965.5623067,752,1.81336,211555.7907581,0
2025-08-08 06:42:00,116676.52,116676.53,116676.52,116676.53,0.8704,2025-08-08 06:42:59.999,101555.2497261,308,0.67181,78384.4596193,0
2025-08-08 06:43:00,116676.53,116691.56,116670.57,116691.55,6.45557,2025-08-08 06:43:59.999,753206.9745768,1096,5.65071,659298.8680419,0
2025-08-08 06:44:00,116691.56,116723.19,116691.55,116723.19,1.38514,2025-08-08 06:44:59.999,161647.1969456,1027,1.31,152878.5395793,0
2025-08-08 06:45:00,116723.19,116723.19,116692.2,116692.21,4.01062,2025-08-08 06:45:59.999,468094.6530508,857,0.72121,84169.1127409,0
2025-08-08 06:46:00,116692.21,116692.21,116658.22,116658.22,5.09569,2025-08-08 06:46:59.999,594538.7532426,929,0.24389,28455.6260499,0
2025-08-08 06:47:00,116658.23,116658.23,116658.22,116658.23,2.02388,2025-08-08 06:47:59.999,236102.246461,150,0.81674,95279.4427702,0
2025-08-08 06:48:00,116658.22,116658.23,116658.22,116658.22,0.56817,2025-08-08 06:48:59.999,66281.7028066,170,0.19492,22739.0221916,0
2025-08-08 06:49:00,116658.23,116666.58,116658.22,116666.58,2.90868,2025-08-08 06:49:59.999,339322.0012578,534,2.55344,297880.321992,0
2025-08-08 06:50:00,116666.58,116666.59,116666.57,116666.58,1.36339,2025-08-08 06:50:59.999,159062.0570265,347,1.01903,118886.7541369,0
2025-08-08 06:51:00,116666.59,116666.59,116666.58,116666.59,0.65584,2025-08-08 06:51:59.999,76514.6121891,169,0.23619,27555.4818921,0
2025-08-08 06:52:00,116666.58,116666.59,116652.84,116652.84,5.74322,2025-08-08 06:52:59.999,670030.4762518,644,3.73433,435666.7895403,0
2025-08-08 06:53:00,116652.84,116660.0,116652.84,116660.0,4.2526,2025-08-08 06:53:59.999,496078.4318595,547,4.14226,483206.8252548,0
2025-08-08 06:54:00,116660.0,116687.29,116660.0,116687.29,1.22123,2025-08-08 06:54:59.999,142480.040125,800,1.09418,127657.0128434,0
2025-08-08 06:55:00,116687.29,116710.82,116687.28,116710.82,1.39592,2025-08-08 06:55:59.999,162901.9711362,849,1.01537,118491.0761936,0
2025-08-08 06:56:00,116710.82,116710.82,116688.36,116688.36,6.10817,2025-08-08 06:56:59.999,712845.1921159,676,2.32649,271522.6908338,0
2025-08-08 06:57:00,116688.37,116688.37,116688.36,116688.37,1.56584,2025-08-08 06:57:59.999,182715.3054176,230,0.37952,44285.5701824,0
2025-08-08 06:58:00,116688.37,116728.59,116688.36,116728.59,6.05359,2025-08-08 06:58:59.999,706510.4292473,1643,4.08689,476953.9562439,0
2025-08-08 06:59:00,116728.59,116763.44,116728.58,116740.01,17.11324,2025-08-08 06:59:59.999,1997857.9913574,2270,4.04647,472387.0706004,0
2025-08-08 07:00:00,116740.01,116753.66,116704.64,116704.65,22.94482,2025-08-08 07:00:59.999,2678549.5228059,1374,1.90007,221797.7026915,0
2025-08-08 07:01:00,116704.65,116710.0,116701.39,116710.0,11.65438,2025-08-08 07:01:59.999,1360163.7952455,1064,10.17933,1188014.7770526,0
2025-08-08 07:02:00,116709.99,116710.0,116700.0,116700.0,18.68728,2025-08-08 07:02:59.999,2180895.0192565,699,4.09071,477395.7031682,0
2025-08-08 07:03:00,116700.01,116700.01,116686.08,116686.09,2.42403,2025-08-08 07:03:59.999,282858.2458366,419,1.32582,154705.979816,0
2025-08-08 07:04:00,116686.08,116686.09,116674.67,116674.68,1.30323,2025-08-08 07:04:59.999,152059.0919978,340,0.41054,47899.736772,0
2025-08-08 07:05:00,116674.68,116674.68,116652.84,116652.85,1.88957,2025-08-08 07:05:59.999,220443.7757602,375,0.53897,62872.7968114,0
2025-08-08 07:06:00,116652.85,116663.45,116652.84,116663.45,3.85389,2025-08-08 07:06:59.999,449576.8185322,712,2.88547,336605.5228716,0
2025-08-08 07:07:00,116663.45,116663.45,116633.8,116633.81,7.7401,2025-08-08 07:07:59.999,902918.4055622,1048,0.56549,65968.182773,0
2025-08-08 07:08:00,116633.8,116633.81,116601.84,116601.84,5.07769,2025-08-08 07:08:59.999,592151.3814071,1213,0.50404,58781.8666969,0
2025-08-08 07:09:00,116601.85,116601.85,116557.54,116557.55,8.44577,2025-08-08 07:09:59.999,984529.8673963,1655,1.36943,159630.9224866,0
2025-08-08 07:10:00,116557.54,116595.97,116557.54,116595.97,3.21054,2025-08-08 07:10:59.999,374255.9946059,1202,2.82524,329340.2496812,0
2025-08-08 07:11:00,116595.98,116617.58,116595.98,116611.42,3.15029,2025-08-08 07:11:59.999,367371.3950832,867,1.81967,212198.7210153,0
2025-08-08 07:12:00,116611.42,116638.83,116611.42,116638.83,3.46851,2025-08-08 07:12:59.999,404489.8961082,752,2.93494,342269.249992,0
2025-08-08 07:13:00,116638.83,116638.83,116633.36,116633.37,2.01072,2025-08-08 07:13:59.999,234522.7206442,393,1.08508,126558.7859058,0
2025-08-08 07:14:00,116633.37,116676.19,116633.36,116676.18,3.19968,2025-08-08 07:14:59.999,373260.0384321,1051,1.98464,231524.9900837,0
2025-08-08 07:15:00,116676.19,116813.87,116676.18,116813.87,10.27489,2025-08-08 07:15:59.999,1199737.1037395,4498,8.75506,1022274.6002488,0
2025-08-08 07:16:00,116813.87,116850.59,116813.86,116850.58,7.76978,2025-08-08 07:16:59.999,907770.800837,3892,3.40954,398327.240427,0
2025-08-08 07:17:00,116850.59,116858.81,116842.81,116858.79,6.2847,2025-08-08 07:17:59.999,734377.5554982,1819,4.09168,478116.8213455,0
2025-08-08 07:18:00,116858.78,116915.19,116853.37,116891.98,12.51594,2025-08-08 07:18:59.999,1462826.5414491,4664,7.64029,892940.3736127,0
2025-08-08 07:19:00,116891.98,116891.99,116860.0,116860.01,3.90643,2025-08-08 07:19:59.999,456528.1240483,1183,2.61413,305492.5501769,0
2025-08-08 07:20:00,116860.02,116860.02,116826.63,116851.44,10.56396,2025-08-08 07:20:59.999,1234363.0059342,1853,8.04226,939699.5777835,0
2025-08-08 07:21:00,116851.45,116866.12,116836.37,116836.38,4.88363,2025-08-08 07:21:59.999,570686.7244621,1212,1.7359,202855.7480265,0
2025-08-08 07:22:00,116836.37,116847.08,116827.12,116827.12,9.26409,2025-08-08 07:22:59.999,1082404.4871887,1096,7.34872,858612.71636,0
2025-08-08 07:23:00,116827.12,116827.13,116790.27,116790.28,2.2144,2025-08-08 07:23:59.999,258683.8283471,1074,1.49794,174990.902685,0
2025-08-08 07:24:00,116790.28,116790.28,116748.65,116790.15,5.6596,2025-08-08 07:24:59.999,660881.1806951,1586,2.98459,348506.037245,0
2025-08-08 07:25:00,116790.15,116823.65,116790.15,116823.05,3.67751,2025-08-08 07:25:59.999,429587.6149356,1433,3.00438,350956.3250991,0
2025-08-08 07:26:00,116823.05,116859.99,116820.45,116859.99,5.48979,2025-08-08 07:26:59.999,641374.0045864,1196,2.65147,309792.2998857,0
2025-08-08 07:27:00,116860.0,116911.35,116859.99,116911.34,2.38677,2025-08-08 07:27:59.999,279006.0007553,992,2.12709,248651.3064648,0
2025-08-08 07:28:00,116911.35,116952.53,116911.34,116952.53,12.07362,2025-08-08 07:28:59.999,1411896.7540031,2414,9.96449,1165261.2340862,0
2025-08-08 07:29:00,116952.53,116973.3,116952.52,116973.29,5.29086,2025-08-08 07:29:59.999,618802.8820934,1122,3.44874,403350.3909255,0
2025-08-08 07:30:00,116973.29,116973.3,116962.92,116962.93,6.91387,2025-08-08 07:30:59.999,808691.9944308,743,3.16754,370496.2954266,0
2025-08-08 07:31:00,116962.92,116962.93,116936.54,116936.54,9.97633,2025-08-08 07:31:59.999,1166785.2070119,1167,1.6988,198687.6015878,0
2025-08-08 07:32:00,116936.54,116957.18,116927.97,116945.62,13.89595,2025-08-08 07:32:59.999,1624967.1970966,1975,7.85922,919027.2236683,0
2025-08-08 07:33:00,116945.62,116957.18,116942.58,116949.1,13.16129,2025-08-08 07:33:59.999,1539201.5632803,1600,6.65023,777717.7148262,0
2025-08-08 07:34:00,116949.11,116949.11,116911.52,116911.52,5.48871,2025-08-08 07:34:59.999,641816.2568162,1079,0.50404,58937.4240805,0
2025-08-08 07:35:00,116911.52,116911.52,116903.69,116903.69,6.37322,2025-08-08 07:35:59.999,745055.8938611,445,1.1138,130207.34106,0
2025-08-08 07:36:00,116903.7,116928.61,116903.69,116928.61,6.42708,2025-08-08 07:36:59.999,751394.6942421,747,2.6914,314646.8733609,0
2025-08-08 07:37:00,116928.6,116941.5,116928.6,116930.56,8.57022,2025-08-08 07:37:59.999,1002141.5941177,910,3.85735,451043.9258807,0
2025-08-08 07:38:00,116930.56,116930.56,116916.0,116916.01,4.96112,2025-08-08 07:38:59.999,580085.5958225,870,0.58243,68101.0153783,0
2025-08-08 07:39:00,116916.0,116916.0,116900.0,116900.02,17.94252,2025-08-08 07:39:59.999,2097548.6718134,1112,2.26644,264950.2565328,0
2025-08-08 07:40:00,116900.01,116900.02,116900.0,116900.01,4.47862,2025-08-08 07:40:59.999,523550.7066828,344,0.42025,49127.2309101,0
2025-08-08 07:41:00,116900.01,116900.01,116900.0,116900.01,4.18069,2025-08-08 07:41:59.999,488722.6673953,329,0.63953,74761.0633953,0
2025-08-08 07:42:00,116900.01,116900.01,116846.57,116846.57,6.22067,2025-08-08 07:42:59.999,726990.3740347,1334,0.44555,52067.4478102,0
2025-08-08 07:43:00,116846.57,116846.58,116827.14,116827.14,4.5362,2025-08-08 07:43:59.999,530002.0294017,926,0.35657,41661.2344125,0
2025-08-08 07:44:00,116827.15,116833.18,116827.14,116833.17,7.35066,2025-08-08 07:44:59.999,858781.7553758,750,3.0315,354166.7072222,0
2025-08-08 07:45:00,116833.18,116856.82,116833.17,116856.82,6.82707,2025-08-08 07:45:59.999,797655.8436738,1166,3.28978,384368.5346572,0
2025-08-08 07:46:00,116856.82,116900.01,116856.81,116900.01,7.29157,2025-08-08 07:46:59.999,852193.8958925,1220,2.77606,324428.4692211,0
2025-08-08 07:47:00,116900.01,116900.01,116886.27,116886.27,6.87459,2025-08-08 07:47:59.999,803572.2305391,669,0.81459,95214.5037751,0
2025-08-08 07:48:00,116886.28,116886.28,116840.0,116840.01,9.5036,2025-08-08 07:48:59.999,1110597.7779158,1304,0.63572,74294.5819167,0
2025-08-08 07:49:00,116840.0,116847.98,116820.0,116847.97,9.66221,2025-08-08 07:49:59.999,1128861.0904683,1581,2.67886,312963.4859217,0
2025-08-08 07:50:00,116847.97,116849.88,116838.7,116838.7,11.90617,2025-08-08 07:50:59.999,1391217.9209043,930,0.87078,101748.4825574,0
2025-08-08 07:51:00,116838.71,116850.01,116830.3,116850.01,9.36472,2025-08-08 07:51:59.999,1094161.3476943,985,3.22352,376627.0744574,0
2025-08-08 07:52:00,116850.0,116850.01,116850.0,116850.01,7.31073,2025-08-08 07:52:59.999,854258.8383125,427,3.78125,441839.1003125,0
2025-08-08 07:53:00,116850.01,116866.89,116842.15,116866.89,14.34863,2025-08-08 07:53:59.999,1676788.1615092,1015,6.74099,787749.328261,0
2025-08-08 07:54:00,116866.88,116891.36,116856.13,116856.14,7.11771,2025-08-08 07:54:59.999,831859.638181,2275,2.45665,287108.7590946,0
2025-08-08 07:55:00,116856.13,116856.13,116822.74,116838.0,5.6417,2025-08-08 07:55:59.999,659152.486971,1403,1.05326,123051.9670554,0
2025-08-08 07:56:00,116837.99,116838.0,116827.79,116827.79,5.40236,2025-08-08 07:56:59.999,631155.6008656,660,1.74022,203306.2137342,0
2025-08-08 07:57:00,116827.8,116836.0,116827.79,116829.06,7.88543,2025-08-08 07:57:59.999,921254.6314035,787,4.14842,484657.5484112,0
2025-08-08 07:58:00,116829.05,116836.0,116827.78,116835.99,6.88011,2025-08-08 07:58:59.999,803812.4698126,807,3.60513,421197.3647,0
2025-08-08 07:59:00,116836.0,116836.0,116817.19,116817.19,9.77579,2025-08-08 07:59:59.999,1142098.4149547,850,0.97965,114453.069908,0
2025-08-08 08:00:00,116817.2,116817.2,116720.3,116783.86,6.74085,2025-08-08 08:00:59.999,787077.4737848,3261,2.82717,330087.1847812,0
2025-08-08 08:01:00,116783.86,116783.86,116740.47,116740.48,2.20296,2025-08-08 08:01:59.999,257237.8905847,1219,0.82968,96880.8133698,0
2025-08-08 08:02:00,116740.48,116784.0,116740.47,116784.0,3.85513,2025-08-08 08:02:59.999,450158.7183954,1161,1.79976,210140.4844649,0
2025-08-08 08:03:00,116784.0,116784.0,116776.59,116776.6,1.2425,2025-08-08 08:03:59.999,145096.8524596,361,0.45692,53357.646935,0
2025-08-08 08:04:00,116776.6,116776.61,116753.28,116776.61,2.92203,2025-08-08 08:04:59.999,341186.6910849,1486,1.66821,194786.2204777,0
2025-08-08 08:05:00,116776.61,116820.0,116776.6,116820.0,4.27971,2025-08-08 08:05:59.999,499858.3529909,1271,4.01965,469479.8476416,0
2025-08-08 08:06:00,116820.0,116867.92,116819.99,116841.74,4.80263,2025-08-08 08:06:59.999,561157.8226105,1675,2.95545,345308.9216235,0
2025-08-08 08:07:00,116841.75,116841.75,116835.58,116835.58,1.77135,2025-08-08 08:07:59.999,206964.8000704,508,0.65987,77098.1764116,0
2025-08-08 08:08:00,116835.59,116835.59,116826.04,116835.59,5.85598,2025-08-08 08:08:59.999,684162.675492,983,3.94106,460437.4408668,0
2025-08-08 08:09:00,116835.58,116860.0,116835.58,116860.0,3.34639,2025-08-08 08:09:59.999,390987.1486788,1053,3.08807,360805.1653385,0
2025-08-08 08:10:00,116860.0,116914.56,116859.99,116914.56,2.56349,2025-08-08 08:10:59.999,299628.8417953,1309,2.31462,270540.2667044,0
2025-08-08 08:11:00,116914.55,116914.58,116914.55,116914.58,4.17508,2025-08-08 08:11:59.999,488127.6678291,563,3.46336,404917.2381709,0
2025-08-08 08:12:00,116914.58,116914.59,116914.57,116914.59,2.65509,2025-08-08 08:12:59.999,310418.724232,420,1.60755,187946.0352763,0
2025-08-08 08:13:00,116914.59,116914.6,116908.59,116908.6,9.45632,2025-08-08 08:13:59.999,1105579.4665741,956,1.11197,130004.6414759,0
2025-08-08 08:14:00,116908.59,116908.6,116908.59,116908.59,2.0412,2025-08-08 08:14:59.999,238633.8244295,312,1.05215,123005.38349,0
2025-08-08 08:15:00,116908.6,116908.6,116888.06,116904.03,3.29648,2025-08-08 08:15:59.999,385345.1290163,959,1.62132,189518.3586132,0
2025-08-08 08:16:00,116904.03,116904.03,116881.78,116881.78,2.81772,2025-08-08 08:16:59.999,329370.8953542,723,1.16468,136132.826222,0
2025-08-08 08:17:00,116881.79,116895.91,116881.78,116882.12,4.87942,2025-08-08 08:17:59.999,570324.8522612,930,4.08662,477654.1072766,0
2025-08-08 08:18:00,116882.12,116893.81,116868.0,116893.8,3.76741,2025-08-08 08:18:59.999,440327.3603456,1589,3.09073,361238.9787816,0
2025-08-08 08:19:00,116893.81,116893.81,116882.12,116882.12,3.44392,2025-08-08 08:19:59.999,402537.7836736,534,1.25687,146905.9630973,0
2025-08-08 08:20:00,116882.12,116882.13,116822.76,116822.76,2.69988,2025-08-08 08:20:59.999,315501.8283732,1756,0.66532,77756.7598305,0
2025-08-08 08:21:00,116822.75,116830.01,116803.14,116803.15,2.54716,2025-08-08 08:21:59.999,297565.3506212,924,0.82128,95946.2082787,0
2025-08-08 08:22:00,116803.14,116823.35,116800.0,116823.35,2.25339,2025-08-08 08:22:59.999,263214.9164026,1378,1.80482,210818.6379346,0
2025-08-08 08:23:00,116823.35,116823.35,116810.22,116810.22,5.81242,2025-08-08 08:23:59.999,678997.2291827,752,3.31377,387109.4599808,0
2025-08-08 08:24:00,116810.22,116810.23,116804.59,116804.59,1.87737,2025-08-08 08:24:59.999,219285.4828903,434,0.51101,59688.3281607,0
2025-08-08 08:25:00,116804.6,116804.6,116708.01,116708.02,5.05161,2025-08-08 08:25:59.999,589838.4156724,2528,0.92506,108002.6450799,0
2025-08-08 08:26:00,116708.01,116719.7,116708.01,116719.69,5.71831,2025-08-08 08:26:59.999,667393.8640159,1098,4.51548,527006.8541014,0
2025-08-08 08:27:00,116719.7,116729.16,116707.14,116707.14,5.46313,2025-08-08 08:27:59.999,637654.4041559,1256,1.11407,130031.0808644,0
2025-08-08 08:28:00,116707.14,116707.15,116701.47,116701.47,6.30495,2025-08-08 08:28:59.999,735825.2087067,802,0.68873,80377.370591,0
2025-08-08 08:29:00,116701.47,116701.48,116678.22,116678.22,6.94158,2025-08-08 08:29:59.999,810074.4378026,1328,0.66785,77935.6310425,0
2025-08-08 08:30:00,116678.23,116678.23,116604.88,116610.94,11.01081,2025-08-08 08:30:59.999,1284279.7626863,4304,2.74013,319612.1236102,0
2025-08-08 08:31:00,116610.93,116610.94,116578.72,116580.02,10.80196,2025-08-08 08:31:59.999,1259370.7336826,2698,7.08263,825713.1671772,0
2025-08-08 08:32:00,116580.01,116615.96,116580.01,116580.02,8.21873,2025-08-08 08:32:59.999,958287.5282078,2136,2.93779,342550.5670185,0
2025-08-08 08:33:00,116580.02,116592.24,116558.53,116592.23,11.94949,2025-08-08 08:33:59.999,1392969.6037604,2118,5.11253,595963.7628463,0
2025-08-08 08:34:00,116592.23,116592.24,116559.83,116560.01,7.80069,2025-08-08 08:34:59.999,909378.8432031,1095,1.91907,223712.8889914,0
2025-08-08 08:35:00,116560.01,116560.02,116516.0,116516.0,12.83312,2025-08-08 08:35:59.999,1495472.0227656,2959,4.94149,575804.5000748,0
2025-08-08 08:36:00,116516.0,116516.0,116450.0,116484.41,17.51717,2025-08-08 08:36:59.999,2040181.8944331,4314,8.60136,1001692.2634086,0
2025-08-08 08:37:00,116484.41,116514.95,116449.51,116460.0,8.79102,2025-08-08 08:37:59.999,1024032.4770816,3179,2.98406,347570.3450396,0
2025-08-08 08:38:00,116460.0,116506.0,116460.0,116503.34,10.143,2025-08-08 08:38:59.999,1181668.415359,2039,2.33912,272483.9165832,0
2025-08-08 08:39:00,116503.34,116503.35,116472.93,116500.55,20.85806,2025-08-08 08:39:59.999,2429719.9999939,1925,13.48481,1570832.383985,0
2025-08-08 08:40:00,116500.55,116522.88,116472.19,116472.19,5.7767,2025-08-08 08:40:59.999,673041.9242294,2588,1.87513,218456.0839963,0
2025-08-08 08:41:00,116472.19,116495.46,116472.19,116495.45,3.39801,2025-08-08 08:41:59.999,395827.0134328,1132,1.63235,190140.0481574,0
2025-08-08 08:42:00,116495.45,116532.5,116495.45,116532.49,2.03179,2025-08-08 08:42:59.999,236733.3307184,1527,1.26422,147295.2716196,0
2025-08-08 08:43:00,116532.49,116532.5,116523.91,116523.91,3.72845,2025-08-08 08:43:59.999,434477.4399452,981,1.33333,155370.9542354,0
2025-08-08 08:44:00,116523.91,116523.92,116505.89,116523.08,2.32201,2025-08-08 08:44:59.999,270557.0850972,1247,0.57624,67139.6411987,0
2025-08-08 08:45:00,116523.08,116535.79,116523.08,116533.56,4.26643,2025-08-08 08:45:59.999,497170.4293395,842,3.28038,382262.046054,0
2025-08-08 08:46:00,116533.56,116533.57,116504.67,116524.0,7.14815,2025-08-08 08:46:59.999,832939.1270552,2375,0.73397,85524.8559678,0
2025-08-08 08:47:00,116524.0,116570.62,116523.08,116548.09,12.91317,2025-08-08 08:47:59.999,1505055.0827435,2217,10.97673,1279355.2412328,0
2025-08-08 08:48:00,116548.09,116551.06,116511.54,116551.05,9.43326,2025-08-08 08:48:59.999,1099291.0551142,2455,6.54389,762584.7782738,0
2025-08-08 08:49:00,116551.05,116560.8,116534.18,116534.18,4.14211,2025-08-08 08:49:59.999,482776.9280249,2096,1.8948,220852.0770759,0
2025-08-08 08:50:00,116534.18,116534.19,116490.0,116490.0,2.90008,2025-08-08 08:50:59.999,337884.682894,2475,1.13167,131851.0403401,0
2025-08-08 08:51:00,116489.61,116496.4,116472.19,116496.39,4.05722,2025-08-08 08:51:59.999,472589.1837014,2141,2.84297,331152.0610662,0
2025-08-08 08:52:00,116496.39,116531.02,116496.39,116520.91,6.71645,2025-08-08 08:52:59.999,782577.1687814,1393,2.62421,305748.3087871,0
2025-08-08 08:53:00,116520.9,116571.14,116520.9,116571.13,2.98468,2025-08-08 08:53:59.999,347846.0110366,1468,1.81549,211581.2125468,0
2025-08-08 08:54:00,116571.13,116571.14,116566.0,116566.0,2.08693,2025-08-08 08:54:59.999,243269.5208937,737,0.49576,57789.8895623,0
2025-08-08 08:55:00,116566.0,116573.36,116566.0,116573.35,3.35833,2025-08-08 08:55:59.999,391477.9039921,1003,2.02381,235912.9896872,0
2025-08-08 08:56:00,116573.35,116573.36,116572.6,116572.6,2.52668,2025-08-08 08:56:59.999,294542.9412857,640,0.40696,47440.5808031,0
2025-08-08 08:57:00,116572.6,116610.94,116572.6,116610.94,6.67067,2025-08-08 08:57:59.999,777736.8536644,1435,5.87683,685184.2240182,0
2025-08-08 08:58:00,116610.93,116639.99,116610.93,116639.98,2.57741,2025-08-08 08:58:59.999,300585.3265684,1190,1.84049,214645.0789736,0
2025-08-08 08:59:00,116639.98,116639.99,116620.63,116620.63,5.73159,2025-08-08 08:59:59.999,668453.7887784,1125,2.71634,316781.4998026,0
2025-08-08 09:00:00,116620.63,116620.64,116575.0,116575.0,5.33852,2025-08-08 09:00:59.999,622448.6413343,2160,0.62833,73260.2560287,0
2025-08-08 09:01:00,116575.0,116575.01,116566.0,116566.0,2.01832,2025-08-08 09:01:59.999,235271.7727878,850,0.57246,66732.5331986,0
2025-08-08 09:02:00,116566.01,116579.3,116566.0,116579.29,4.63635,2025-08-08 09:02:59.999,540454.9533765,827,2.91257,339511.0215587,0
2025-08-08 09:03:00,116579.29,116579.3,116558.43,116558.43,2.47639,2025-08-08 09:03:59.999,288672.4988689,1583,0.67685,78901.1212598,0
2025-08-08 09:04:00,116558.43,116558.44,116558.43,116558.43,1.99462,2025-08-08 09:04:59.999,232489.7841701,491,0.85235,99348.586334,0
2025-08-08 09:05:00,116558.44,116558.44,116558.43,116558.44,2.12327,2025-08-08 09:05:59.999,247485.0243156,563,0.66495,77505.534678,0
2025-08-08 09:06:00,116558.44,116558.44,116558.43,116558.43,2.71504,2025-08-08 09:06:59.999,316460.8140707,636,1.42835,166486.247774,0
2025-08-08 09:07:00,116558.43,116558.44,116532.0,116532.0,4.85156,2025-08-08 09:07:59.999,565411.5731958,1254,3.16129,368407.5661448,0
2025-08-08 09:08:00,116532.0,116558.1,116531.5,116558.09,6.34749,2025-08-08 09:08:59.999,739716.8292075,1873,5.2311,609618.332615,0
2025-08-08 09:09:00,116558.09,116579.73,116554.95,116565.25,4.83735,2025-08-08 09:09:59.999,563866.3317131,2315,2.43577,283915.3027165,0
2025-08-08 09:10:00,116565.25,116620.0,116565.25,116619.99,2.40773,2025-08-08 09:10:59.999,280697.5543008,1425,1.27193,148287.671917,0
2025-08-08 09:11:00,116619.99,116646.73,116619.99,116646.72,4.50802,2025-08-08 09:11:59.999,525769.814285,1644,1.53452,178972.3747437,0
2025-08-08 09:12:00,116646.72,116646.73,116636.0,116636.0,1.71285,2025-08-08 09:12:59.999,199789.8576667,806,0.53362,62241.3879794,0
2025-08-08 09:13:00,116636.0,116636.01,116619.99,116619.99,2.72312,2025-08-08 09:13:59.999,317603.005069,905,0.46104,53773.598043,0
2025-08-08 09:14:00,116619.99,116620.0,116582.24,116582.24,2.097,2025-08-08 09:14:59.999,244522.6748177,2029,0.11331,13212.5553889,0
2025-08-08 09:15:00,116582.24,116588.29,116572.82,116572.82,2.51501,2025-08-08 09:15:59.999,293199.674719,1663,1.58267,184504.6469784,0
2025-08-08 09:16:00,116572.82,116588.29,116569.08,116588.28,1.71692,2025-08-08 09:16:59.999,200165.0964953,946,1.01246,118037.5298949,0
2025-08-08 09:17:00,116588.28,116607.91,116581.91,116607.9,7.63791,2025-08-08 09:17:59.999,890489.1985632,1209,2.90031,338141.1474008,0
2025-08-08 09:18:00,116607.91,116628.43,116607.9,116623.06,2.53737,2025-08-08 09:18:59.999,295911.795452,978,0.83101,96910.3672654,0
2025-08-08 09:19:00,116623.06,116623.07,116573.35,116573.35,5.3078,2025-08-08 09:19:59.999,618891.9966084,2101,1.26796,147820.3045219,0
2025-08-08 09:20:00,116573.35,116579.01,116565.25,116579.0,5.69825,2025-08-08 09:20:59.999,664289.2893884,1086,0.53532,62402.588403,0
2025-08-08 09:21:00,116579.0,116579.01,116556.03,116556.03,1.70564,2025-08-08 09:21:59.999,198823.8817513,1761,0.09074,10577.3149122,0
2025-08-08 09:22:00,116556.03,116556.04,116500.0,116504.0,7.82789,2025-08-08 09:22:59.999,911991.8675789,3228,6.39456,744982.5203468,0
2025-08-08 09:23:00,116504.01,116546.98,116504.0,116546.97,5.40866,2025-08-08 09:23:59.999,630273.801737,1072,1.84014,214399.5855896,0
2025-08-08 09:24:00,116546.97,116546.98,116505.52,116505.52,3.03237,2025-08-08 09:24:59.999,353381.2175121,2504,0.92716,108047.9085807,0
2025-08-08 09:25:00,116505.52,116505.53,116486.79,116486.79,4.45794,2025-08-08 09:25:59.999,519358.9787291,1096,0.30179,35159.6705117,0
2025-08-08 09:26:00,116486.79,116498.0,116481.44,116497.99,1.72783,2025-08-08 09:26:59.999,201268.8040832,787,1.03518,120583.201148,0
2025-08-08 09:27:00,116497.99,116498.0,116497.99,116498.0,0.94691,2025-08-08 09:27:59.999,110313.1141233,301,0.24124,28103.97752,0
2025-08-08 09:28:00,116497.99,116498.0,116497.99,116497.99,4.22978,2025-08-08 09:28:59.999,492760.9011375,502,3.29953,384388.64594,0
2025-08-08 09:29:00,116497.99,116531.73,116497.99,116531.72,5.17686,2025-08-08 09:29:59.999,603121.6085316,1066,4.26345,496699.0449431,0
2025-08-08 09:30:00,116531.73,116535.79,116531.72,116535.78,4.54279,2025-08-08 09:30:59.999,529383.5029487,894,3.74708,436656.9277517,0
2025-08-08 09:31:00,116535.78,116535.79,116524.51,116524.51,4.80713,2025-08-08 09:31:59.999,560196.1393747,815,0.57808,67366.9241693,0
2025-08-08 09:32:00,116524.52,116535.79,116524.51,116535.78,2.72347,2025-08-08 09:32:59.999,317360.3595691,737,2.06168,240242.6176032,0
2025-08-08 09:33:00,116535.79,116535.79,116524.51,116525.46,11.2455,2025-08-08 09:33:59.999,1310467.193078,1338,2.78662,324720.212351,0
2025-08-08 09:34:00,116525.46,116548.87,116525.46,116548.86,4.26341,2025-08-08 09:34:59.999,496829.4932439,1255,2.98118,347408.7495484,0
2025-08-08 09:35:00,116548.86,116587.94,116548.86,116585.04,3.13271,2025-08-08 09:35:59.999,365190.1363436,1408,1.93726,225819.8316329,0
2025-08-08 09:36:00,116585.04,116610.93,116585.04,116610.93,5.6176,2025-08-08 09:36:59.999,654984.8508564,2110,2.94516,343386.4652605,0
2025-08-08 09:37:00,116610.92,116619.73,116610.92,116619.72,1.7683,2025-08-08 09:37:59.999,206214.0348755,600,0.65321,76173.5148127,0
2025-08-08 09:38:00,116619.72,116639.08,116619.72,116639.07,4.29994,2025-08-08 09:38:59.999,501506.8352084,1220,1.41646,165197.8724145,0
2025-08-08 09:39:00,116639.07,116639.08,116614.12,116614.13,4.69896,2025-08-08 09:39:59.999,548022.906542,1483,0.52929,61725.0533068,0
2025-08-08 09:40:00,116614.12,116615.01,116585.04,116585.05,6.59835,2025-08-08 09:40:59.999,769371.4740316,1463,1.82735,213067.667348,0
2025-08-08 09:41:00,116585.04,116594.52,116585.04,116594.51,3.61493,2025-08-08 09:41:59.999,421449.953099,583,2.35918,275046.4255177,0
2025-08-08 09:42:00,116594.51,116594.52,116585.04,116585.04,2.2272,2025-08-08 09:42:59.999,259677.7261806,527,0.08413,9809.0396741,0
2025-08-08 09:43:00,116585.04,116585.06,116585.04,116585.05,3.84,2025-08-08 09:43:59.999,447686.5849276,674,2.92995,341588.3681847,0
2025-08-08 09:44:00,116585.05,116585.06,116585.05,116585.05,2.57945,2025-08-08 09:44:59.999,300725.3211259,815,1.39034,162092.8723204,0
2025-08-08 09:45:00,116585.05,116623.8,116585.05,116623.79,5.68613,2025-08-08 09:45:59.999,662952.7365783,1456,4.91232,572736.8062515,0
2025-08-08 09:46:00,116623.79,116634.51,116623.79,116634.5,1.91701,2025-08-08 09:46:59.999,223575.9992442,657,0.83791,97721.7970972,0
2025-08-08 09:47:00,116634.5,116641.77,116634.5,116641.76,1.95705,2025-08-08 09:47:59.999,228263.5149964,643,0.96661,112741.3698198,0
2025-08-08 09:48:00,116641.77,116641.77,116641.76,116641.76,2.12233,2025-08-08 09:48:59.999,247552.3213531,396,1.48523,173239.8560571,0
2025-08-08 09:49:00,116641.76,116653.0,116636.52,116651.71,13.40758,2025-08-08 09:49:59.999,1563897.5039676,1276,11.55712,1348054.6895293,0
2025-08-08 09:50:00,116651.71,116666.78,116651.71,116666.77,1.55821,2025-08-08 09:50:59.999,181773.3033635,979,0.83971,97957.6616592,0
2025-08-08 09:51:00,116666.77,116677.48,116666.77,116677.47,1.86018,2025-08-08 09:51:59.999,217026.054614,888,1.27494,148746.518184,0
2025-08-08 09:52:00,116677.47,116699.0,116673.49,116699.0,6.1997,2025-08-08 09:52:59.999,723430.6070478,1661,3.65622,426647.0804491,0
2025-08-08 09:53:00,116699.0,116726.88,116698.99,116726.87,3.39913,2025-08-08 09:53:59.999,396707.973828,1256,2.41806,282200.3391115,0
2025-08-08 09:54:00,116726.88,116726.88,116726.87,116726.87,1.98591,2025-08-08 09:54:59.999,231809.0627162,488,0.43145,50361.812376,0
2025-08-08 09:55:00,116726.88,116726.88,116715.16,116715.16,2.19875,2025-08-08 09:55:59.999,256643.2910535,674,0.46884,54723.0236293,0
2025-08-08 09:56:00,116715.16,116715.17,116715.16,116715.16,2.43693,2025-08-08 09:56:59.999,284426.6906257,372,1.57669,184023.6413873,0
2025-08-08 09:57:00,116715.17,116715.17,116694.5,116706.17,5.67583,2025-08-08 09:57:59.999,662396.5310814,1208,1.8539,216342.3910486,0
2025-08-08 09:58:00,116706.18,116706.18,116685.17,116685.17,3.22056,2025-08-08 09:58:59.999,375829.4997698,1001,0.98439,114865.9305978,0
2025-08-08 09:59:00,116685.17,116685.18,116685.17,116685.17,0.84862,2025-08-08 09:59:59.999,99021.3705599,330,0.15945,18605.451951,0
2025-08-08 10:00:00,116685.17,116685.18,116673.48,116673.48,2.42562,2025-08-08 10:00:59.999,283010.602576,907,1.18669,138455.3196412,0
2025-08-08 10:01:00,116673.48,116673.49,116673.48,116673.49,0.97627,2025-08-08 10:01:59.999,113904.8212371,347,0.29175,34039.4907075,0
2025-08-08 10:02:00,116673.48,116673.49,116661.94,116661.94,2.1938,2025-08-08 10:02:59.999,255948.3357415,880,0.80355,93751.8895244,0
2025-08-08 10:03:00,116661.95,116661.95,116661.94,116661.94,1.2866,2025-08-08 10:03:59.999,150097.2561903,354,0.41863,48838.1921285,0
2025-08-08 10:04:00,116661.94,116661.95,116661.94,116661.95,1.82776,2025-08-08 10:04:59.999,213230.0296177,394,0.21633,25237.4796435,0
2025-08-08 10:05:00,116661.94,116690.15,116661.94,116690.15,9.27021,2025-08-08 10:05:59.999,1081521.9967663,1250,6.99114,815620.7573468,0
2025-08-08 10:06:00,116690.15,116714.46,116690.15,116714.45,5.52341,2025-08-08 10:06:59.999,644648.4418289,1274,4.78262,558189.844072,0
2025-08-08 10:07:00,116714.45,116714.46,116674.39,116674.4,5.10959,2025-08-08 10:07:59.999,596283.3065935,1304,0.96002,112039.9644451,0
2025-08-08 10:08:00,116674.39,116674.4,116655.01,116655.01,4.98225,2025-08-08 10:08:59.999,581273.1660364,1417,1.62366,189431.3801009,0
2025-08-08 10:09:00,116655.02,116655.02,116654.96,116654.96,1.49332,2025-08-08 10:09:59.999,174203.2628381,586,0.81796,95419.1379131,0
2025-08-08 10:10:00,116654.96,116654.97,116614.2,116614.2,3.48568,2025-08-08 10:10:59.999,406555.2588079,2788,0.62415,72793.1987054,0
2025-08-08 10:11:00,116614.2,116626.08,116610.74,116626.07,4.44978,2025-08-08 10:11:59.999,518923.4162636,1263,3.41906,398721.8677968,0
2025-08-08 10:12:00,116626.07,116626.08,116626.07,116626.07,1.09666,2025-08-08 10:12:59.999,127899.1484978,385,0.25716,29991.5627328,0
2025-08-08 10:13:00,116626.08,116626.08,116626.07,116626.07,1.58796,2025-08-08 10:13:59.999,185197.5428309,382,0.87137,101624.4673296,0
2025-08-08 10:14:00,116626.07,116626.08,116612.0,116612.0,2.21962,2025-08-08 10:14:59.999,258849.931287,789,0.29615,34534.6505604,0
2025-08-08 10:15:00,116612.0,116612.01,116603.15,116603.15,1.78936,2025-08-08 10:15:59.999,208658.5091099,592,0.39874,46496.7190929,0
2025-08-08 10:16:00,116603.15,116630.27,116600.53,116630.26,5.25855,2025-08-08 10:16:59.999,613194.0710597,1197,4.24863,495426.6669998,0
2025-08-08 10:17:00,116630.26,116630.27,116600.0,116600.0,5.93231,2025-08-08 10:17:59.999,691824.7404481,1042,0.35238,41090.6616742,0
2025-08-08 10:18:00,116600.0,116600.01,116600.0,116600.0,1.43565,2025-08-08 10:18:59.999,167396.7954321,438,0.54321,63338.2914321,0
2025-08-08 10:19:00,116600.0,116600.01,116590.0,116590.0,1.52176,2025-08-08 10:19:59.999,177427.0740851,891,0.6543,76286.9952003,0
2025-08-08 10:20:00,116590.01,116590.01,116589.56,116589.57,2.28975,2025-08-08 10:20:59.999,266961.9010993,756,0.87629,102166.6460729,0
2025-08-08 10:21:00,116589.56,116589.57,116585.04,116585.04,2.30046,2025-08-08 10:21:59.999,268203.6265482,674,0.55663,64894.9834366,0
2025-08-08 10:22:00,116585.05,116585.05,116537.14,116537.14,3.12531,2025-08-08 10:22:59.999,364300.950281,1827,0.30705,35794.5029334,0
2025-08-08 10:23:00,116537.14,116537.15,116526.68,116533.99,6.95532,2025-08-08 10:23:59.999,810499.2109874,953,4.7982,559120.7258641,0
2025-08-08 10:24:00,116533.99,116534.0,116526.68,116526.68,1.51984,2025-08-08 10:24:59.999,177110.2175946,637,0.55711,64921.7946122,0
2025-08-08 10:25:00,116526.68,116526.69,116500.03,116500.03,2.99367,2025-08-08 10:25:59.999,348801.3533027,1030,0.22863,26636.8157429,0
2025-08-08 10:26:00,116500.03,116500.04,116500.03,116500.03,4.01063,2025-08-08 10:26:59.999,467238.546368,454,3.10491,361722.1391964,0
2025-08-08 10:27:00,116500.04,116500.04,116500.03,116500.03,2.73309,2025-08-08 10:27:59.999,318405.0808822,358,1.38895,161812.730558,0
2025-08-08 10:28:00,116500.03,116500.04,116500.03,116500.03,2.23932,2025-08-08 10:28:59.999,260880.8576771,361,1.04975,122295.91699,0
2025-08-08 10:29:00,116500.03,116500.04,116500.03,116500.03,1.56582,2025-08-08 10:29:59.999,182418.0867121,370,0.97375,113441.91395,0
2025-08-08 10:30:00,116500.03,116505.83,116500.03,116505.82,11.91028,2025-08-08 10:30:59.999,1387559.7672292,775,10.89843,1269676.4291997,0
2025-08-08 10:31:00,116505.82,116505.83,116499.26,116499.73,11.16077,2025-08-08 10:31:59.999,1300277.5267684,739,1.8893,220114.464619,0
2025-08-08 10:32:00,116499.73,116499.74,116498.21,116498.21,3.60052,2025-08-08 10:32:59.999,419456.3888773,541,1.60692,187203.87468,0
2025-08-08 10:33:00,116498.21,116498.22,116498.21,116498.21,7.15618,2025-08-08 10:33:59.999,833682.1892437,725,2.88059,335583.6075498,0
2025-08-08 10:34:00,116498.21,116498.22,116498.21,116498.21,2.97231,2025-08-08 10:34:59.999,346268.8059983,616,1.14332,133194.7448904,0
2025-08-08 10:35:00,116498.22,116498.22,116498.21,116498.21,2.77588,2025-08-08 10:35:59.999,323385.054123,368,0.29482,34346.0052204,0
2025-08-08 10:36:00,116498.21,116532.33,116498.21,116532.2,6.70416,2025-08-08 10:36:59.999,781043.1172885,994,5.59216,651492.876532,0
2025-08-08 10:37:00,116532.2,116535.8,116527.98,116527.98,9.75473,2025-08-08 10:37:59.999,1136765.4490536,938,1.09564,127675.9627406,0
2025-08-08 10:38:00,116527.98,116527.99,116527.98,116527.98,1.26634,2025-08-08 10:38:59.999,147564.0451144,404,0.29212,34040.1564388,0
2025-08-08 10:39:00,116527.98,116527.99,116505.84,116505.84,1.7264,2025-08-08 10:39:59.999,201165.8048725,822,0.3088,35982.8981643,0
2025-08-08 10:40:00,116505.84,116505.85,116498.0,116498.0,2.49219,2025-08-08 10:40:59.999,290344.2445384,741,0.29988,34936.2221269,0
2025-08-08 10:41:00,116498.01,116498.01,116497.83,116497.84,4.5738,2025-08-08 10:41:59.999,532838.5536521,574,0.71359,83131.8111088,0
2025-08-08 10:42:00,116497.83,116497.83,116480.34,116480.34,4.50848,2025-08-08 10:42:59.999,525171.6552895,1161,0.28945,33716.4697323,0
2025-08-08 10:43:00,116480.34,116480.35,116474.83,116474.83,2.64711,2025-08-08 10:43:59.999,308322.5420195,520,0.52048,60622.9926129,0
2025-08-08 10:44:00,116474.83,116474.84,116433.86,116453.45,26.58932,2025-08-08 10:44:59.999,3096334.64308,833,0.61691,71846.9429836,0
2025-08-08 10:45:00,116453.45,116453.46,116433.34,116433.34,10.60878,2025-08-08 10:45:59.999,1235336.5850354,830,0.73346,85405.9209204,0
2025-08-08 10:46:00,116433.35,116433.35,116429.39,116429.4,4.15713,2025-08-08 10:46:59.999,484019.3680468,619,1.73002,201426.8820175,0
2025-08-08 10:47:00,116429.39,116429.4,116429.39,116429.4,1.34227,2025-08-08 10:47:59.999,156279.6812291,356,0.39138,45568.138572,0
2025-08-08 10:48:00,116429.39,116429.4,116420.0,116420.56,9.5072,2025-08-08 10:48:59.999,1106864.1451065,743,3.40792,396752.2889578,0
2025-08-08 10:49:00,116420.56,116420.57,116377.52,116390.76,24.79748,2025-08-08 10:49:59.999,2886304.2912502,1749,3.55972,414310.0233197,0
2025-08-08 10:50:00,116390.77,116390.77,116390.76,116390.76,2.71115,2025-08-08 10:50:59.999,315552.820158,468,1.1184,130171.437168,0
2025-08-08 10:51:00,116390.76,116390.77,116317.08,116390.76,27.16359,2025-08-08 10:51:59.999,3160695.1298492,4057,8.79464,1023259.4479067,0
2025-08-08 10:52:00,116390.76,116423.07,116390.76,116414.42,12.7396,2025-08-08 10:52:59.999,1482979.0482359,1674,8.32527,969056.1937374,0
2025-08-08 10:53:00,116414.43,116440.32,116414.42,116440.32,6.19947,2025-08-08 10:53:59.999,721731.0491833,1459,5.32612,620059.7666411,0
2025-08-08 10:54:00,116440.32,116521.34,116440.31,116521.33,8.08851,2025-08-08 10:54:59.999,942162.4231446,2801,6.77998,789751.3633255,0
2025-08-08 10:55:00,116521.33,116569.53,116521.33,116538.97,9.86795,2025-08-08 10:55:59.999,1150074.644416,2065,6.64693,774650.0430707,0
2025-08-08 10:56:00,116538.98,116538.98,116509.78,116509.79,6.28835,2025-08-08 10:56:59.999,732794.8804641,1351,1.35902,158369.7701011,0
2025-08-08 10:57:00,116509.78,116520.84,116506.5,116506.5,8.06382,2025-08-08 10:57:59.999,939527.1677538,1222,2.82363,328973.0809183,0
2025-08-08 10:58:00,116506.5,116547.0,116506.5,116544.4,5.91269,2025-08-08 10:58:59.999,688991.1376892,1107,4.11022,478935.1067634,0
2025-08-08 10:59:00,116544.39,116544.4,116544.39,116544.39,0.97499,2025-08-08 10:59:59.999,113629.6161951,370,0.1389,16188.01716,0
2025-08-08 11:00:00,116544.39,116573.06,116544.39,116573.06,5.02651,2025-08-08 11:00:59.999,585854.1843511,1090,4.18253,487471.5922218,0
2025-08-08 11:01:00,116573.05,116600.0,116573.05,116599.99,2.49401,2025-08-08 11:01:59.999,290762.4032159,1305,1.85202,215918.2001783,0
2025-08-08 11:02:00,116599.99,116600.0,116599.99,116599.99,2.20903,2025-08-08 11:02:59.999,257572.8853053,438,0.93956,109552.696,0
2025-08-08 11:03:00,116599.99,116625.69,116599.99,116621.78,5.33994,2025-08-08 11:03:59.999,622745.8518288,1157,1.23161,143616.5133918,0
2025-08-08 11:04:00,116621.78,116621.79,116621.78,116621.78,2.36051,2025-08-08 11:04:59.999,275286.8817624,384,0.38546,44953.0351734,0
2025-08-08 11:05:00,116621.78,116630.26,116614.09,116630.25,5.33956,2025-08-08 11:05:59.999,622696.2114622,985,1.66754,194467.581212,0
2025-08-08 11:06:00,116630.25,116666.04,116630.25,116666.03,5.4818,2025-08-08 11:06:59.999,639385.0788562,955,4.74339,553257.5879326,0
2025-08-08 11:07:00,116666.03,116701.28,116666.03,116701.27,10.19195,2025-08-08 11:07:59.999,1189289.31504,1080,9.42364,1099636.0804096,0
2025-08-08 11:08:00,116701.27,116736.88,116701.27,116736.88,2.98495,2025-08-08 11:08:59.999,348428.9091427,1209,2.0458,238797.3081978,0
2025-08-08 11:09:00,116736.87,116764.7,116736.87,116764.69,3.702,2025-08-08 11:09:59.999,432194.5174261,1083,2.33421,272513.2509304,0
2025-08-08 11:10:00,116764.69,116768.0,116764.69,116767.99,1.83216,2025-08-08 11:10:59.999,213936.2659404,460,0.82569,96413.1885891,0
2025-08-08 11:11:00,116767.99,116790.77,116767.99,116773.7,3.77724,2025-08-08 11:11:59.999,441105.5491632,1134,2.54838,297593.6762539,0
2025-08-08 11:12:00,116773.7,116773.71,116752.05,116752.05,4.38198,2025-08-08 11:12:59.999,511671.342613,1072,1.09715,128112.7266271,0
2025-08-08 11:13:00,116752.05,116765.69,116752.05,116765.68,3.02804,2025-08-08 11:13:59.999,353552.1727954,673,1.40732,164316.0748593,0
2025-08-08 11:14:00,116765.68,116765.69,116765.68,116765.69,2.86614,2025-08-08 11:14:59.999,334666.7982726,388,1.21974,142423.7827206,0
2025-08-08 11:15:00,116765.68,116823.35,116765.68,116823.34,9.25161,2025-08-08 11:15:59.999,1080536.9466778,2196,5.0756,592815.2289878,0
2025-08-08 11:16:00,116823.35,116823.35,116802.71,116812.88,3.08029,2025-08-08 11:16:59.999,359809.1828313,1512,1.57235,183660.9661235,0
2025-08-08 11:17:00,116812.88,116829.0,116812.88,116828.99,3.71586,2025-08-08 11:17:59.999,434062.1162616,654,3.1047,362669.7205518,0
2025-08-08 11:18:00,116828.99,116829.0,116824.46,116824.46,4.90073,2025-08-08 11:18:59.999,572534.8384581,545,1.60744,187788.8281167,0
2025-08-08 11:19:00,116824.46,116824.47,116824.46,116824.46,1.61785,2025-08-08 11:19:59.999,189004.458927,362,0.6316,73786.335252,0
2025-08-08 11:20:00,116824.47,116824.47,116824.46,116824.46,4.00678,2025-08-08 11:20:59.999,468089.917585,437,0.77462,90494.5709514,0
2025-08-08 11:21:00,116824.46,116824.47,116824.46,116824.46,1.80962,2025-08-08 11:21:59.999,211407.8851296,386,0.58244,68043.2443068,0
2025-08-08 11:22:00,116824.47,116828.0,116815.4,116815.4,3.51213,2025-08-08 11:22:59.999,410301.7301183,915,1.28796,150465.6613672,0
2025-08-08 11:23:00,116815.4,116815.41,116815.4,116815.4,1.54668,2025-08-08 11:23:59.999,180676.0468474,486,0.39754,46438.7980914,0
2025-08-08 11:24:00,116815.4,116815.41,116800.0,116800.0,3.07954,2025-08-08 11:24:59.999,359709.2298126,1098,0.50954,59515.5598388,0
2025-08-08 11:25:00,116800.0,116800.01,116792.5,116792.5,2.45137,2025-08-08 11:25:59.999,286316.6350188,780,0.44758,52276.5435758,0
2025-08-08 11:26:00,116792.5,116792.51,116792.5,116792.5,1.79157,2025-08-08 11:26:59.999,209241.9455394,472,0.63144,73747.4625144,0
2025-08-08 11:27:00,116792.51,116792.51,116792.28,116792.28,1.45861,2025-08-08 11:27:59.999,170354.6158755,486,0.14727,17200.0090909,0
2025-08-08 11:28:00,116792.28,116792.29,116790.0,116790.0,0.98891,2025-08-08 11:28:59.999,115496.1443111,536,0.1551,18114.3692274,0
2025-08-08 11:29:00,116790.0,116790.01,116761.23,116761.23,3.01502,2025-08-08 11:29:59.999,352087.2609581,1721,0.30657,35800.6724481,0
2025-08-08 11:30:00,116761.23,116761.24,116761.23,116761.23,1.24085,2025-08-08 11:30:59.999,144883.1755741,389,0.33286,38865.1463464,0
2025-08-08 11:31:00,116761.23,116793.7,116761.23,116793.7,4.22166,2025-08-08 11:31:59.999,492978.6974376,1220,3.39219,396114.1713169,0
2025-08-08 11:32:00,116793.69,116798.81,116773.99,116773.99,3.25303,2025-08-08 11:32:59.999,379925.1409786,1288,0.61842,72220.4114829,0
2025-08-08 11:33:00,116773.99,116792.25,116773.99,116792.24,2.01743,2025-08-08 11:33:59.999,235603.7700698,806,0.94826,110742.276413,0
2025-08-08 11:34:00,116792.24,116792.25,116792.24,116792.24,2.15502,2025-08-08 11:34:59.999,251689.6175785,432,0.45337,52950.1023825,0
2025-08-08 11:35:00,116792.24,116832.49,116792.24,116832.49,4.28176,2025-08-08 11:35:59.999,500134.7378362,1536,3.35464,391847.5978298,0
2025-08-08 11:36:00,116832.48,116832.49,116814.26,116814.26,2.8651,2025-08-08 11:36:59.999,334713.0066627,1079,0.51086,59677.4672788,0
2025-08-08 11:37:00,116814.26,116814.27,116813.0,116813.0,2.66879,2025-08-08 11:37:59.999,311751.2126137,487,1.39405,162844.2929253,0
2025-08-08 11:38:00,116813.01,116813.01,116802.5,116802.5,2.06977,2025-08-08 11:38:59.999,241758.9460341,990,1.15918,135396.6577029,0
2025-08-08 11:39:00,116802.5,116802.51,116798.8,116798.8,1.181,2025-08-08 11:39:59.999,137942.8497657,549,0.31645,36962.0703266,0
2025-08-08 11:40:00,116798.8,116798.81,116784.17,116784.18,1.98663,2025-08-08 11:40:59.999,232018.8995659,890,0.32202,37607.2410426,0
2025-08-08 11:41:00,116784.18,116784.18,116784.17,116784.17,0.9218,2025-08-08 11:41:59.999,107651.6514513,389,0.35453,41403.4953354,0
2025-08-08 11:42:00,116784.17,116784.18,116772.41,116772.41,3.00346,2025-08-08 11:42:59.999,350743.8136323,964,0.16762,19573.8317229,0
2025-08-08 11:43:00,116772.41,116772.42,116757.68,116757.68,4.08719,2025-08-08 11:43:59.999,477243.6774054,889,0.24636,28767.065859,0
2025-08-08 11:44:00,116757.68,116761.24,116755.9,116761.23,2.29501,2025-08-08 11:44:59.999,267960.6125122,640,1.03142,120426.6256199,0
2025-08-08 11:45:00,116761.23,116761.24,116759.05,116759.05,2.72687,2025-08-08 11:45:59.999,318391.9610805,515,0.16587,19367.0755898,0
2025-08-08 11:46:00,116759.05,116759.06,116754.33,116754.33,4.60792,2025-08-08 11:46:59.999,538012.8012182,756,0.5344,62395.7563341,0
2025-08-08 11:47:00,116754.33,116754.34,116751.11,116751.11,1.18861,2025-08-08 11:47:59.999,138773.343999,890,0.10552,12319.7929418,0
2025-08-08 11:48:00,116751.11,116751.12,116750.98,116750.98,1.17745,2025-08-08 11:48:59.999,137468.5226589,526,0.23331,27239.1897542,0
2025-08-08 11:49:00,116750.98,116759.05,116749.4,116749.41,16.32353,2025-08-08 11:49:59.999,1905806.4308632,910,11.64207,1359223.6744657,0
2025-08-08 11:50:00,116749.41,116749.41,116738.0,116738.01,3.6741,2025-08-08 11:50:59.999,428932.4847122,908,0.74357,86808.5820054,0
2025-08-08 11:51:00,116738.0,116758.0,116737.99,116757.99,2.75632,2025-08-08 11:51:59.999,321786.8236814,1104,1.84763,215704.5841167,0
2025-08-08 11:52:00,116757.99,116850.59,116757.99,116850.58,10.04873,2025-08-08 11:52:59.999,1173882.797102,2131,6.83996,798996.9193351,0
2025-08-08 11:53:00,116850.58,116850.59,116845.4,116845.4,4.85723,2025-08-08 11:53:59.999,567562.9428534,781,0.70271,82108.7354967,0
2025-08-08 11:54:00,116845.4,116845.41,116845.4,116845.4,1.04649,2025-08-08 11:54:59.999,122277.5448694,371,0.22234,25979.4084594,0
2025-08-08 11:55:00,116845.4,116873.96,116845.4,116873.95,4.38203,2025-08-08 11:55:59.999,512075.5026684,1253,3.62288,423362.2144724,0
2025-08-08 11:56:00,116873.95,116873.96,116873.95,116873.95,0.91321,2025-08-08 11:56:59.999,106730.4613685,329,0.1489,17402.532644,0
2025-08-08 11:57:00,116873.95,116873.96,116873.95,116873.95,1.01084,2025-08-08 11:57:59.999,118140.8649309,377,0.13129,15344.3822084,0
2025-08-08 11:58:00,116873.95,116899.78,116873.95,116899.77,5.58843,2025-08-08 11:58:59.999,653245.3163398,1039,4.62206,540283.2179905,0
2025-08-08 11:59:00,116899.78,116899.78,116891.51,116891.51,4.69858,2025-08-08 11:59:59.999,549254.3656088,602,0.76173,89042.4851576,0
2025-08-08 12:00:00,116891.51,116891.52,116860.0,116860.0,3.70759,2025-08-08 12:00:59.999,433328.9413903,1330,0.42033,49126.7951967,0
2025-08-08 12:01:00,116860.0,116860.01,116858.8,116858.81,1.54902,2025-08-08 12:01:59.999,181018.1918729,551,0.18879,22061.9754639,0
2025-08-08 12:02:00,116858.8,116858.81,116816.73,116816.73,3.60172,2025-08-08 12:02:59.999,420842.5363493,1818,0.23533,27496.8369272,0
2025-08-08 12:03:00,116816.73,116816.74,116807.65,116816.72,2.15066,2025-08-08 12:03:59.999,251221.7888537,1351,0.96611,112850.5399988,0
2025-08-08 12:04:00,116816.72,116816.73,116816.72,116816.72,1.27831,2025-08-08 12:04:59.999,149327.9839481,337,0.26049,30429.5899977,0
2025-08-08 12:05:00,116816.72,116816.73,116802.96,116802.96,2.09295,2025-08-08 12:05:59.999,244486.3790109,757,0.3545,41409.2261682,0
2025-08-08 12:06:00,116802.96,116802.97,116759.04,116759.05,6.95788,2025-08-08 12:06:59.999,812558.1751835,1260,0.47247,55174.0921924,0
2025-08-08 12:07:00,116759.04,116759.04,116690.36,116690.36,15.78544,2025-08-08 12:07:59.999,1842321.7302759,3221,2.03674,237720.802361,0
2025-08-08 12:08:00,116690.36,116704.33,116690.36,116704.32,2.27761,2025-08-08 12:08:59.999,265795.4631952,680,1.22645,143122.2344358,0
2025-08-08 12:09:00,116704.32,116704.33,116646.65,116646.66,7.72204,2025-08-08 12:09:59.999,901029.6003241,2085,0.9511,110969.8764938,0
2025-08-08 12:10:00,116646.65,116646.66,116580.66,116594.83,5.56393,2025-08-08 12:10:59.999,648781.2598767,2903,2.41703,281810.8199073,0
2025-08-08 12:11:00,116594.83,116622.53,116594.83,116610.01,5.80145,2025-08-08 12:11:59.999,676526.6047613,1506,1.78494,208138.0217174,0
2025-08-08 12:12:00,116610.01,116636.04,116610.01,116614.0,6.29741,2025-08-08 12:12:59.999,734408.9293401,1716,3.04011,354519.8676338,0
2025-08-08 12:13:00,116614.01,116632.0,116614.0,116631.99,3.33351,2025-08-08 12:13:59.999,388769.4249984,681,2.65882,310083.2970589,0
2025-08-08 12:14:00,116631.99,116631.99,116619.86,116619.86,2.3143,2025-08-08 12:14:59.999,269910.8869765,804,0.25464,29697.2532428,0
2025-08-08 12:15:00,116619.86,116671.05,116619.86,116669.99,58.9154,2025-08-08 12:15:59.999,6871188.2585352,1481,57.63722,6722109.1226078,0
2025-08-08 12:16:00,116669.98,116680.0,116651.73,116651.73,7.34776,2025-08-08 12:16:59.999,857240.7583133,2209,2.71031,316190.8966398,0
2025-08-08 12:17:00,116651.73,116671.12,116651.73,116661.8,14.53941,2025-08-08 12:17:59.999,1696237.8537869,1053,6.03208,703693.2480529,0
2025-08-08 12:18:00,116660.6,116660.61,116636.11,116636.12,3.04838,2025-08-08 12:18:59.999,355619.4503088,1045,0.81918,95565.3570149,0
2025-08-08 12:19:00,116636.11,116636.12,116587.78,116587.78,3.36401,2025-08-08 12:19:59.999,392274.8996966,2174,0.53848,62787.5232311,0
2025-08-08 12:20:00,116587.78,116587.79,116563.38,116569.97,4.50017,2025-08-08 12:20:59.999,524626.379301,1543,0.95578,111423.9594022,0
2025-08-08 12:21:00,116569.97,116593.87,116560.0,116565.99,4.34156,2025-08-08 12:21:59.999,506138.6677358,1648,1.94387,226619.1211757,0
2025-08-08 12:22:00,116565.99,116586.06,116565.99,116586.05,1.56971,2025-08-08 12:22:59.999,182987.7176685,898,0.72158,84118.510305,0
2025-08-08 12:23:00,116586.05,116623.67,116586.05,116623.67,3.63629,2025-08-08 12:23:59.999,424030.284548,1694,2.4536,286111.0572868,0
2025-08-08 12:24:00,116623.66,116623.66,116586.05,116586.05,4.10232,2025-08-08 12:24:59.999,478394.6675819,1488,0.5193,60557.5552727,0
2025-08-08 12:25:00,116586.05,116586.06,116576.23,116576.23,2.04807,2025-08-08 12:25:59.999,238766.0045233,753,0.62273,72598.2906884,0
2025-08-08 12:26:00,116576.23,116576.24,116576.23,116576.23,1.59548,2025-08-08 12:26:59.999,185995.052041,465,0.86006,100262.5609744,0
2025-08-08 12:27:00,116576.23,116620.0,116576.23,116619.99,4.67327,2025-08-08 12:27:59.999,544892.489035,1508,2.96705,345951.6341977,0
2025-08-08 12:28:00,116619.99,116620.0,116617.5,116618.0,6.11832,2025-08-08 12:28:59.999,713512.4441625,657,0.25302,29506.8567268,0
2025-08-08 12:29:00,116618.0,116618.01,116618.0,116618.0,1.31588,2025-08-08 12:29:59.999,153455.2977834,377,0.39434,45987.1460634,0
2025-08-08 12:30:00,116618.0,116666.64,116618.0,116652.4,4.19559,2025-08-08 12:30:59.999,489375.9230274,2053,2.46511,287526.6879272,0
2025-08-08 12:31:00,116652.4,116652.41,116600.08,116600.08,4.62351,2025-08-08 12:31:59.999,539192.9719852,1758,2.13286,248728.6909025,0
2025-08-08 12:32:00,116600.08,116600.09,116592.05,116597.99,2.30541,2025-08-08 12:32:59.999,268800.7511758,837,0.61744,71991.3312228,0
2025-08-08 12:33:00,116597.99,116619.91,116592.51,116619.9,5.47423,2025-08-08 12:33:59.999,638288.5389219,931,1.00061,116673.0608262,0
2025-08-08 12:34:00,116619.9,116659.1,116619.9,116650.75,17.13926,2025-08-08 12:34:59.999,1999278.6704249,1271,16.10832,1879019.8283496,0
2025-08-08 12:35:00,116650.74,116650.75,116630.11,116630.12,3.24939,2025-08-08 12:35:59.999,379001.463381,862,0.11793,13755.6739643,0
2025-08-08 12:36:00,116630.11,116630.12,116596.57,116596.57,1.82469,2025-08-08 12:36:59.999,212778.0564713,1375,0.26564,30974.7492815,0
2025-08-08 12:37:00,116596.57,116596.58,116579.44,116584.0,1.52767,2025-08-08 12:37:59.999,178106.5023709,1358,0.41405,48271.6584242,0
2025-08-08 12:38:00,116584.0,116584.01,116576.23,116576.23,1.33571,2025-08-08 12:38:59.999,155717.9061521,1012,0.2336,27232.7014972,0
2025-08-08 12:39:00,116576.23,116576.24,116558.43,116558.43,3.03375,2025-08-08 12:39:59.999,353615.4392427,1304,0.5025,58570.705278,0
2025-08-08 12:40:00,116558.43,116558.44,116558.43,116558.43,1.07692,2025-08-08 12:40:59.999,125524.1052336,411,0.0798,9301.363512,0
2025-08-08 12:41:00,116558.43,116569.15,116557.94,116569.14,4.55647,2025-08-08 12:41:59.999,531117.0253544,823,2.72901,318102.45222,0
2025-08-08 12:42:00,116569.14,116580.77,116569.14,116579.99,3.05823,2025-08-08 12:42:59.999,356517.432823,478,0.81457,94957.3837196,0
2025-08-08 12:43:00,116579.99,116596.59,116579.99,116596.59,2.3239,2025-08-08 12:43:59.999,270943.2261354,825,1.62958,189992.5361851,0
2025-08-08 12:44:00,116596.58,116596.59,116596.58,116596.59,1.11298,2025-08-08 12:44:59.999,129769.6650944,392,0.3486,40645.571274,0
2025-08-08 12:45:00,116596.58,116596.59,116560.0,116560.0,3.79236,2025-08-08 12:45:59.999,442126.6291306,1604,0.49651,57875.8416361,0
2025-08-08 12:46:00,116560.0,116569.44,116556.0,116556.0,3.51907,2025-08-08 12:46:59.999,410205.0091345,1228,1.65162,192522.8918909,0
2025-08-08 12:47:00,116556.0,116556.01,116550.0,116550.0,1.37094,2025-08-08 12:47:59.999,159786.426828,770,0.15651,18241.6973001,0
2025-08-08 12:48:00,116550.0,116555.8,116550.0,116555.8,2.52897,2025-08-08 12:48:59.999,294760.9820149,590,0.86083,100330.8309535,0
2025-08-08 12:49:00,116555.79,116555.8,116550.0,116550.0,1.8395,2025-08-08 12:49:59.999,214399.3551563,654,0.46503,54199.6322481,0
2025-08-08 12:50:00,116550.01,116550.01,116550.0,116550.0,3.09497,2025-08-08 12:50:59.999,360718.7664327,548,1.29327,150730.6314327,0
2025-08-08 12:51:00,116550.0,116550.01,116512.63,116512.63,10.79542,2025-08-08 12:51:59.999,1258042.7957889,1373,0.44188,51487.894838,0
2025-08-08 12:52:00,116512.63,116512.64,116492.45,116506.44,4.298,2025-08-08 12:52:59.999,500718.4084526,1514,1.81212,211106.7181692,0
2025-08-08 12:53:00,116506.43,116506.44,116498.76,116498.76,2.22661,2025-08-08 12:53:59.999,259412.994834,772,0.65097,75841.9932487,0
2025-08-08 12:54:00,116498.76,116518.47,116498.76,116518.46,3.6754,2025-08-08 12:54:59.999,428186.973044,1132,2.42683,282727.1061153,0
2025-08-08 12:55:00,116518.46,116525.17,116518.46,116525.16,1.89144,2025-08-08 12:55:59.999,220399.6161187,650,0.99058,115426.8106337,0
2025-08-08 12:56:00,116525.16,116525.17,116515.6,116515.6,1.65616,2025-08-08 12:56:59.999,192983.9711138,732,0.25432,29634.6798598,0
2025-08-08 12:57:00,116515.6,116515.61,116501.53,116501.53,1.7622,2025-08-08 12:57:59.999,205315.8647006,1358,0.34827,40577.6918947,0
2025-08-08 12:58:00,116501.53,116501.54,116501.51,116501.51,1.04351,2025-08-08 12:58:59.999,121570.5085641,489,0.25436,29633.3302346,0
2025-08-08 12:59:00,116501.51,116501.52,116500.48,116500.48,1.14068,2025-08-08 12:59:59.999,132890.4469956,523,0.2193,25548.6256018,0
2025-08-08 13:00:00,116500.49,116542.1,116499.43,116542.1,6.70807,2025-08-08 13:00:59.999,781558.8538946,1568,4.98195,580446.5598809,0
2025-08-08 13:01:00,116542.09,116542.1,116537.34,116537.35,2.91077,2025-08-08 13:01:59.999,339223.8932581,606,0.76022,88595.5767361,0
2025-08-08 13:02:00,116537.35,116537.35,116520.38,116520.38,2.53984,2025-08-08 13:02:59.999,295977.6904375,1124,0.63016,73433.7778977,0
2025-08-08 13:03:00,116520.38,116537.0,116517.52,116536.99,8.47504,2025-08-08 13:03:59.999,987518.2784322,835,5.26876,613920.9151835,0
2025-08-08 13:04:00,116536.99,116537.0,116536.99,116536.99,0.97557,2025-08-08 13:04:59.999,113689.9939413,339,0.2607,30381.1959,0
2025-08-08 13:05:00,116537.0,116537.0,116517.32,116517.32,4.1619,2025-08-08 13:05:59.999,484955.8020029,948,1.26598,147509.9913257,0
2025-08-08 13:06:00,116517.33,116542.09,116517.32,116527.02,3.89106,2025-08-08 13:06:59.999,453439.7515046,1457,2.12132,247197.3851983,0
2025-08-08 13:07:00,116527.02,116527.03,116500.22,116500.22,1.87274,2025-08-08 13:07:59.999,218183.5561435,833,0.50692,59056.3801014,0
2025-08-08 13:08:00,116500.22,116500.23,116500.22,116500.22,2.56998,2025-08-08 13:08:59.999,299403.2489473,469,1.35517,157877.6166891,0
2025-08-08 13:09:00,116500.22,116516.0,116500.22,116515.0,1.35751,2025-08-08 13:09:59.999,158163.9296683,793,0.62449,72757.7717851,0
2025-08-08 13:10:00,116515.0,116546.55,116515.0,116545.26,3.04452,2025-08-08 13:10:59.999,354769.5398179,1146,2.03247,236845.1798231,0
2025-08-08 13:11:00,116545.26,116547.99,116545.26,116547.99,6.58671,2025-08-08 13:11:59.999,767651.4724177,570,5.35725,624362.5903333,0
2025-08-08 13:12:00,116547.98,116547.99,116547.98,116547.98,1.22226,2025-08-08 13:12:59.999,142451.9393603,415,0.53255,62067.6320745,0
2025-08-08 13:13:00,116547.98,116598.37,116547.98,116595.67,19.351,2025-08-08 13:13:59.999,2255725.1075794,1336,16.38725,1910180.9340674,0
2025-08-08 13:14:00,116595.67,116607.92,116563.39,116563.39,9.51165,2025-08-08 13:14:59.999,1109050.032838,1666,0.75682,88244.8517585,0
2025-08-08 13:15:00,116563.39,116568.52,116530.0,116568.51,4.08953,2025-08-08 13:15:59.999,476605.0735728,1677,1.66296,193795.2525319,0
2025-08-08 13:16:00,116568.51,116588.92,116568.51,116568.63,8.84694,2025-08-08 13:16:59.999,1031391.3116686,1196,3.10107,361505.9341246,0
2025-08-08 13:17:00,116568.63,116610.94,116568.63,116610.93,2.21366,2025-08-08 13:17:59.999,258092.3679884,1378,1.50733,175740.968367,0
2025-08-08 13:18:00,116610.94,116648.51,116610.93,116648.5,2.44499,2025-08-08 13:18:59.999,285153.6849923,913,1.74696,203743.7719922,0
2025-08-08 13:19:00,116648.5,116650.75,116617.09,116626.43,11.10701,2025-08-08 13:19:59.999,1295541.7169151,1641,6.17716,720510.4478568,0
2025-08-08 13:20:00,116626.43,116656.0,116621.99,116656.0,3.5091,2025-08-08 13:20:59.999,409277.6198042,1386,2.37209,276667.3743631,0
2025-08-08 13:21:00,116655.99,116668.09,116655.99,116659.99,3.31502,2025-08-08 13:21:59.999,386753.5933362,762,0.81993,95656.8283348,0
2025-08-08 13:22:00,116659.99,116685.18,116652.46,116685.17,4.01713,2025-08-08 13:22:59.999,468659.8379073,1487,2.95608,344874.4613581,0
2025-08-08 13:23:00,116685.17,116715.99,116685.17,116715.98,4.03195,2025-08-08 13:23:59.999,470509.6227408,1443,2.47231,288504.0065772,0
2025-08-08 13:24:00,116715.98,116739.8,116715.98,116739.8,3.45423,2025-08-08 13:24:59.999,403200.7157469,896,2.23276,260618.0265,0
2025-08-08 13:25:00,116739.8,116739.8,116718.0,116718.0,1.86173,2025-08-08 13:25:59.999,217319.9436553,620,0.56273,65685.5546674,0
2025-08-08 13:26:00,116718.01,116739.8,116718.0,116728.58,4.81559,2025-08-08 13:26:59.999,562125.9517617,866,1.52281,177749.4512173,0
2025-08-08 13:27:00,116728.58,116736.0,116720.28,116735.99,2.77493,2025-08-08 13:27:59.999,323899.3345321,1178,2.10234,245388.9455296,0
2025-08-08 13:28:00,116735.99,116736.0,116728.58,116728.58,1.22342,2025-08-08 13:28:59.999,142810.8289565,364,0.90381,105501.9544113,0
2025-08-08 13:29:00,116728.59,116742.81,116728.58,116742.81,4.63406,2025-08-08 13:29:59.999,540946.5853518,570,2.83634,331088.3278626,0
2025-08-08 13:30:00,116742.81,116754.69,116691.13,116691.13,5.15972,2025-08-08 13:30:59.999,602276.0285701,1770,2.1527,251290.6136274,0
2025-08-08 13:31:00,116691.13,116727.63,116686.82,116698.5,4.09169,2025-08-08 13:31:59.999,477494.7185108,1705,2.91668,340362.6808012,0
2025-08-08 13:32:00,116698.5,116698.5,116588.0,116588.01,4.91864,2025-08-08 13:32:59.999,573665.9182439,2595,0.76365,89074.0734818,0
2025-08-08 13:33:00,116588.01,116600.0,116558.32,116558.32,8.70043,2025-08-08 13:33:59.999,1014399.20826,1656,5.17138,602946.3698281,0
2025-08-08 13:34:00,116558.33,116558.33,116521.86,116546.2,2.61617,2025-08-08 13:34:59.999,304886.5600639,1212,1.14211,133096.1880789,0
2025-08-08 13:35:00,116546.2,116698.48,116546.2,116698.47,7.91185,2025-08-08 13:35:59.999,922691.0490851,3078,4.74687,553584.779405,0
2025-08-08 13:36:00,116698.48,116780.0,116670.01,116721.15,11.59209,2025-08-08 13:36:59.999,1353206.0589876,5393,4.62712,540089.4241344,0
2025-08-08 13:37:00,116721.14,116721.15,116650.91,116662.78,8.70047,2025-08-08 13:37:59.999,1015060.1544104,2866,4.3817,511163.1430354,0
2025-08-08 13:38:00,116662.78,116721.15,116645.27,116721.14,3.94541,2025-08-08 13:38:59.999,460383.5973228,2901,2.86709,334553.8180564,0
2025-08-08 13:39:00,116721.14,116773.14,116721.14,116773.14,6.22604,2025-08-08 13:39:59.999,726795.788794,2541,5.02223,586243.628862,0
2025-08-08 13:40:00,116773.13,116836.0,116771.48,116836.0,4.78348,2025-08-08 13:40:59.999,558741.7557224,3533,3.01581,352268.6647858,0
2025-08-08 13:41:00,116836.0,116884.86,116834.3,116884.85,7.54903,2025-08-08 13:41:59.999,882155.2642305,4393,3.91438,457400.6804857,0
2025-08-08 13:42:00,116884.85,116904.03,116861.82,116904.03,7.03633,2025-08-08 13:42:59.999,822424.4301251,2717,5.15953,603060.6361358,0
2025-08-08 13:43:00,116904.03,116945.63,116861.13,116861.13,12.34551,2025-08-08 13:43:59.999,1443448.9237339,4052,7.88546,921982.6230783,0
2025-08-08 13:44:00,116861.14,116861.14,116802.71,116820.37,12.23593,2025-08-08 13:44:59.999,1429378.5932902,3223,7.12004,831702.0410647,0
2025-08-08 13:45:00,116820.37,116900.0,116809.18,116821.68,46.0697,2025-08-08 13:45:59.999,5382726.2080942,5341,4.992,583297.6575312,0
2025-08-08 13:46:00,116821.68,116833.0,116776.77,116816.01,43.21919,2025-08-08 13:46:59.999,5048168.0363785,5221,15.98417,1866955.2000725,0
2025-08-08 13:47:00,116816.01,116884.65,116816.0,116884.64,42.90452,2025-08-08 13:47:59.999,5013917.2622207,7914,20.86604,2438331.9825107,0
2025-08-08 13:48:00,116884.65,116886.77,116818.3,116841.75,25.56193,2025-08-08 13:48:59.999,2987410.5637774,3486,3.51457,410659.0640339,0
2025-08-08 13:49:00,116841.76,116848.76,116838.0,116848.75,10.6251,2025-08-08 13:49:59.999,1241461.0171471,1186,7.02524,820836.4337165,0
2025-08-08 13:50:00,116848.75,116848.76,116689.14,116731.62,31.01722,2025-08-08 13:50:59.999,3623142.4818191,4323,2.98603,348587.3753461,0
2025-08-08 13:51:00,116731.62,116800.0,116689.19,116727.86,20.20826,2025-08-08 13:51:59.999,2359177.5383006,6862,13.56661,1583770.3969941,0
2025-08-08 13:52:00,116727.87,116825.69,116727.86,116811.99,6.31695,2025-08-08 13:52:59.999,737794.9549299,3781,4.1641,486325.3627374,0
2025-08-08 13:53:00,116812.0,116914.29,116753.22,116905.96,20.16949,2025-08-08 13:53:59.999,2356782.817844,6486,9.88294,1154846.0711498,0
2025-08-08 13:54:00,116905.96,116905.97,116766.96,116793.76,30.76821,2025-08-08 13:54:59.999,3594243.137885,6037,17.62499,2058861.9513387,0
2025-08-08 13:55:00,116793.75,116815.41,116734.98,116771.65,13.97032,2025-08-08 13:55:59.999,1631482.9373624,3541,5.50322,642683.1875763,0
2025-08-08 13:56:00,116771.66,116799.97,116752.05,116788.0,17.89271,2025-08-08 13:56:59.999,2089445.3324033,3647,4.55213,531534.6238315,0
2025-08-08 13:57:00,116788.0,116886.6,116762.37,116886.6,34.46712,2025-08-08 13:57:59.999,4025765.0098749,3126,22.75826,2658195.4857151,0
2025-08-08 13:58:00,116886.59,116905.7,116839.99,116839.99,13.55501,2025-08-08 13:58:59.999,1584401.3182515,2593,6.43502,752157.6777048,0
2025-08-08 13:59:00,116839.99,116917.98,116826.46,116917.97,10.86563,2025-08-08 13:59:59.999,1269697.9661467,2174,8.47546,990413.8043686,0
2025-08-08 14:00:00,116917.98,116944.4,116904.02,116930.01,12.88485,2025-08-08 14:00:59.999,1506559.7419997,2251,7.9553,930182.2993764,0
2025-08-08 14:01:00,116930.0,116940.91,116868.71,116918.0,14.57781,2025-08-08 14:01:59.999,1704122.4837092,3532,8.50215,993835.6675671,0
2025-08-08 14:02:00,116918.01,116941.9,116862.95,116941.9,16.58016,2025-08-08 14:02:59.999,1938316.1117441,2887,4.44443,519515.5390965,0
2025-08-08 14:03:00,116941.89,117074.57,116932.0,117074.56,32.64705,2025-08-08 14:03:59.999,3819616.072042,5940,26.67819,3121264.544484,0
2025-08-08 14:04:00,117074.56,117125.0,117014.3,117125.0,22.24945,2025-08-08 14:04:59.999,2604988.642898,5379,12.1103,1417931.9210744,0
2025-08-08 14:05:00,117125.0,117235.86,117124.99,117180.01,28.27625,2025-08-08 14:05:59.999,3313647.2368443,6346,19.70924,2309559.3143596,0
2025-08-08 14:06:00,117180.01,117271.73,117113.21,117113.22,39.41763,2025-08-08 14:06:59.999,4619914.2335138,7055,29.23916,3427135.6331429,0
2025-08-08 14:07:00,117113.22,117113.22,116923.17,116923.18,17.38828,2025-08-08 14:07:59.999,2035090.3405207,5395,6.04752,707807.1405658,0
2025-08-08 14:08:00,116923.17,116923.18,116657.64,116791.99,37.40751,2025-08-08 14:08:59.999,4368104.3273435,12386,13.19169,1539961.193905,0
2025-08-08 14:09:00,116792.0,117004.02,116792.0,116935.71,17.52223,2025-08-08 14:09:59.999,2048748.9952811,9091,10.60104,1239389.374486,0
2025-08-08 14:10:00,116935.72,116935.72,116821.58,116913.9,19.25545,2025-08-08 14:10:59.999,2250425.3262156,5127,9.01923,1053995.4417704,0
2025-08-08 14:11:00,116914.12,116967.7,116767.26,116791.98,22.91754,2025-08-08 14:11:59.999,2678405.7273513,4702,14.92686,1744594.7626965,0
2025-08-08 14:12:00,116791.99,116840.0,116656.75,116665.99,22.44923,2025-08-08 14:12:59.999,2621351.2353973,5873,6.20096,723965.7262219,0
2025-08-08 14:13:00,116665.99,116825.85,116655.26,116748.17,20.32119,2025-08-08 14:13:59.999,2371716.5610271,7780,11.30713,1319622.4800462,0
2025-08-08 14:14:00,116748.17,116851.24,116748.16,116763.59,12.27495,2025-08-08 14:14:59.999,1433662.3775668,3887,4.73774,553258.3206326,0
2025-08-08 14:15:00,116763.59,116769.83,116646.97,116650.84,15.10718,2025-08-08 14:15:59.999,1763367.4833575,3579,5.90865,689513.3196385,0
2025-08-08 14:16:00,116650.84,116697.34,116647.15,116654.01,20.27805,2025-08-08 14:16:59.999,2365852.4213758,4821,10.74662,1253790.153047,0
2025-08-08 14:17:00,116654.0,116706.0,116633.28,116697.34,7.03593,2025-08-08 14:17:59.999,820868.145191,2949,4.76015,555362.5923253,0
2025-08-08 14:18:00,116697.34,116697.35,116639.22,116653.99,7.6631,2025-08-08 14:18:59.999,893942.7456581,2852,4.44484,518491.9283888,0
2025-08-08 14:19:00,116654.0,116716.89,116646.06,116716.88,4.24373,2025-08-08 14:19:59.999,495150.9719991,4003,2.4277,283245.5851977,0
2025-08-08 14:20:00,116716.87,116750.05,116658.74,116750.04,7.24835,2025-08-08 14:20:59.999,845848.9557539,3206,5.38484,628380.7105849,0
2025-08-08 14:21:00,116750.05,116772.0,116661.51,116686.04,14.52693,2025-08-08 14:21:59.999,1695451.491602,3349,4.00896,467888.0928702,0
2025-08-08 14:22:00,116686.04,116745.13,116686.04,116737.78,6.52719,2025-08-08 14:22:59.999,761861.3575547,2784,4.04504,472130.6857588,0
2025-08-08 14:23:00,116737.79,116737.79,116694.41,116694.42,1.58571,2025-08-08 14:23:59.999,185086.3767983,1305,0.46279,54017.6967616,0
2025-08-08 14:24:00,116694.42,116766.12,116694.41,116733.62,7.38854,2025-08-08 14:24:59.999,862434.4466638,2353,4.92213,574481.4079136,0
2025-08-08 14:25:00,116733.62,116733.62,116693.54,116701.63,14.94641,2025-08-08 14:25:59.999,1744509.7452387,2278,2.01848,235578.7958431,0
2025-08-08 14:26:00,116701.63,116710.56,116701.62,116704.01,10.3743,2025-08-08 14:26:59.999,1210772.4989499,620,5.17702,604211.8700083,0
2025-08-08 14:27:00,116704.0,116810.63,116704.0,116785.02,7.9373,2025-08-08 14:27:59.999,926862.8918961,2353,5.86575,684910.5330608,0
2025-08-08 14:28:00,116785.01,116785.01,116704.4,116726.87,9.44958,2025-08-08 14:28:59.999,1103130.1993216,2636,3.91621,457130.0269379,0
2025-08-08 14:29:00,116726.87,116746.32,116703.15,116746.32,2.67643,2025-08-08 14:29:59.999,312392.8594286,1488,1.41418,165061.0140833,0
2025-08-08 14:30:00,116746.32,116746.32,116701.39,116701.39,5.00237,2025-08-08 14:30:59.999,583872.2273642,2187,0.73896,86242.1168468,0
2025-08-08 14:31:00,116701.39,116701.39,116637.46,116637.47,6.18364,2025-08-08 14:31:59.999,721469.5787245,2349,2.10475,245565.2117033,0
2025-08-08 14:32:00,116637.46,116665.7,116615.95,116623.12,4.7827,2025-08-08 14:32:59.999,557816.8075196,2721,2.35656,274838.2767603,0
2025-08-08 14:33:00,116623.12,116623.13,116605.01,116605.01,4.38439,2025-08-08 14:33:59.999,511287.2965195,1570,0.62701,73121.8730047,0
2025-08-08 14:34:00,116605.02,116605.02,116517.82,116528.99,19.34521,2025-08-08 14:34:59.999,2254825.7648334,4111,4.81567,561263.2314647,0
2025-08-08 14:35:00,116528.98,116633.8,116511.6,116633.8,12.37168,2025-08-08 14:35:59.999,1442165.081483,3540,9.73387,1134745.5559573,0
2025-08-08 14:36:00,116633.8,116665.37,116601.23,116617.81,7.56984,2025-08-08 14:36:59.999,882867.3545657,2564,3.70428,431975.6603438,0
2025-08-08 14:37:00,116617.82,116634.16,116570.34,116570.34,5.88584,2025-08-08 14:37:59.999,686312.9479575,1832,2.6089,304230.724632,0
2025-08-08 14:38:00,116570.35,116570.35,116512.91,116527.75,4.99692,2025-08-08 14:38:59.999,582290.0370017,1790,3.06188,356776.6412764,0
2025-08-08 14:39:00,116527.75,116543.35,116494.13,116494.14,5.08648,2025-08-08 14:39:59.999,592645.5176085,2244,1.03191,120236.2293059,0
2025-08-08 14:40:00,116494.13,116526.0,116462.68,116478.2,19.61375,2025-08-08 14:40:59.999,2284874.2644835,2604,3.02518,352406.8720775,0
2025-08-08 14:41:00,116478.2,116478.2,116429.75,116429.76,10.11179,2025-08-08 14:41:59.999,1177542.7271866,2706,2.67413,311369.6348233,0
2025-08-08 14:42:00,116429.76,116480.0,116381.32,116480.0,19.13458,2025-08-08 14:42:59.999,2227608.1285993,4490,7.91626,921591.646293,0
2025-08-08 14:43:00,116479.99,116565.12,116479.99,116498.76,12.73905,2025-08-08 14:43:59.999,1484462.7011739,2711,5.9755,696305.4642613,0
2025-08-08 14:44:00,116498.76,116571.66,116498.21,116540.9,8.32837,2025-08-08 14:44:59.999,970718.9673836,2087,1.91369,223009.5100922,0
2025-08-08 14:45:00,116540.9,116648.55,116517.52,116637.83,16.91907,2025-08-08 14:45:59.999,1972349.8991394,4508,4.45594,519508.6769155,0
2025-08-08 14:46:00,116637.83,116694.0,116628.01,116694.0,7.22606,2025-08-08 14:46:59.999,843058.0878367,2453,5.80649,677436.2078863,0
2025-08-08 14:47:00,116694.0,116694.0,116611.16,116618.68,14.63527,2025-08-08 14:47:59.999,1707381.4985199,4340,8.00603,933945.3555363,0
2025-08-08 14:48:00,116618.68,116618.68,116564.23,116591.78,5.53642,2025-08-08 14:48:59.999,645484.3096617,2127,2.61005,304287.0160964,0
2025-08-08 14:49:00,116591.78,116676.16,116591.77,116676.15,5.38241,2025-08-08 14:49:59.999,627881.6715159,1624,4.83443,563973.2877634,0
2025-08-08 14:50:00,116676.16,116676.16,116580.0,116580.01,2.17982,2025-08-08 14:50:59.999,254206.1508922,1807,0.29947,34920.3416502,0
2025-08-08 14:51:00,116580.0,116615.6,116568.97,116615.59,7.46946,2025-08-08 14:51:59.999,870836.8239499,2119,2.9357,342260.8713928,0
2025-08-08 14:52:00,116615.6,116615.6,116533.11,116533.11,3.89911,2025-08-08 14:52:59.999,454591.0761259,2607,1.17633,137158.2686015,0
2025-08-08 14:53:00,116533.11,116548.19,116521.57,116539.87,6.28891,2025-08-08 14:53:59.999,732900.6248208,1651,1.19786,139583.4850431,0
2025-08-08 14:54:00,116539.86,116569.89,116539.86,116544.71,4.69722,2025-08-08 14:54:59.999,547498.9964701,1359,2.46937,287840.1549851,0
2025-08-08 14:55:00,116544.71,116544.71,116450.0,116478.17,7.05193,2025-08-08 14:55:59.999,821480.2559494,2786,2.17579,253400.1351529,0
2025-08-08 14:56:00,116478.17,116511.55,116455.13,116455.14,5.63316,2025-08-08 14:56:59.999,656213.8841381,1788,2.1809,254035.7003025,0
2025-08-08 14:57:00,116455.14,116505.15,116455.13,116456.24,8.86688,2025-08-08 14:57:59.999,1032756.9305369,1922,3.81276,444062.3668783,0
2025-08-08 14:58:00,116456.23,116478.09,116433.19,116478.08,7.80454,2025-08-08 14:58:59.999,908805.6505416,2073,4.87106,567204.555634,0
2025-08-08 14:59:00,116478.09,116491.53,116468.13,116491.53,3.46874,2025-08-08 14:59:59.999,404026.584966,1184,2.47522,288301.4170151,0
2025-08-08 15:00:00,116491.53,116506.8,116481.57,116496.0,7.66145,2025-08-08 15:00:59.999,892531.4108763,2120,3.57233,416154.1137888,0
2025-08-08 15:01:00,116496.0,116496.0,116399.88,116461.81,101.93583,2025-08-08 15:01:59.999,11870023.145333,3464,14.65891,1706582.7453766,0
2025-08-08 15:02:00,116461.81,116488.26,116456.67,116472.0,6.28716,2025-08-08 15:02:59.999,732264.235514,1656,2.90038,337789.6321832,0
2025-08-08 15:03:00,116471.99,116474.55,116421.32,116421.32,7.7045,2025-08-08 15:03:59.999,897242.5158417,1674,1.56414,182133.1968949,0
2025-08-08 15:04:00,116421.32,116426.2,116379.0,116426.2,11.96672,2025-08-08 15:04:59.999,1392942.8711632,2307,4.77399,555650.3787713,0
2025-08-08 15:05:00,116426.19,116448.12,116408.01,116408.01,4.54124,2025-08-08 15:05:59.999,528769.2901742,1093,1.32505,154275.9994929,0
2025-08-08 15:06:00,116408.02,116456.24,116400.0,116417.05,7.56447,2025-08-08 15:06:59.999,880786.3964221,1849,5.23128,609115.0081262,0
2025-08-08 15:07:00,116417.05,116417.05,116280.0,116280.01,19.58529,2025-08-08 15:07:59.999,2278522.5284176,3684,2.55574,297246.32602,0
2025-08-08 15:08:00,116280.0,116365.34,116280.0,116365.34,13.45559,2025-08-08 15:08:59.999,1565460.7816788,2327,9.68734,1126995.6504895,0
2025-08-08 15:09:00,116365.34,116377.52,116296.13,116296.14,3.74286,2025-08-08 15:09:59.999,435455.6487877,2122,1.3408,155998.0589554,0
2025-08-08 15:10:00,116296.14,116347.63,116275.0,116275.01,8.87509,2025-08-08 15:10:59.999,1032245.6107166,3123,3.25991,379145.4285621,0
2025-08-08 15:11:00,116275.0,116284.91,116243.29,116253.99,10.48878,2025-08-08 15:11:59.999,1219527.8433692,2455,1.89061,219796.566319,0
2025-08-08 15:12:00,116254.0,116269.8,116206.16,116245.64,11.21582,2025-08-08 15:12:59.999,1303624.819338,2845,1.81856,211371.9613759,0
2025-08-08 15:13:00,116245.63,116297.15,116229.63,116297.14,7.98251,2025-08-08 15:13:59.999,928034.3783059,2392,5.20203,604769.9196876,0
2025-08-08 15:14:00,116297.15,116346.8,116282.01,116336.0,7.17331,2025-08-08 15:14:59.999,834364.765698,2446,3.24109,376977.0503652,0
2025-08-08 15:15:00,116335.99,116360.0,116293.02,116328.71,13.24744,2025-08-08 15:15:59.999,1541000.8591337,1924,3.34139,388695.4228842,0
2025-08-08 15:16:00,116328.7,116328.71,116261.09,116261.1,8.80358,2025-08-08 15:16:59.999,1023765.7646477,2012,2.26011,262794.300654,0
2025-08-08 15:17:00,116261.1,116261.1,116221.49,116256.48,13.21018,2025-08-08 15:17:59.999,1535575.0772686,1684,6.99904,813554.6397136,0
2025-08-08 15:18:00,116256.48,116340.0,116256.47,116332.01,12.86645,2025-08-08 15:18:59.999,1496415.5501817,2692,10.393,1208687.1105385,0
2025-08-08 15:19:00,116332.01,116356.55,116307.59,116307.6,11.86896,2025-08-08 15:19:59.999,1380823.1986638,2097,3.43812,400000.8715438,0
2025-08-08 15:20:00,116307.6,116345.46,116307.59,116307.89,4.76698,2025-08-08 15:20:59.999,554522.6987514,1290,2.06275,239932.2243726,0
2025-08-08 15:21:00,116307.89,116367.58,116307.89,116367.57,3.61956,2025-08-08 15:21:59.999,421077.5925758,981,2.04774,238220.3165685,0
2025-08-08 15:22:00,116367.57,116367.58,116315.56,116359.15,6.10212,2025-08-08 15:22:59.999,709948.0083812,1885,1.73186,201473.5152509,0
2025-08-08 15:23:00,116359.15,116397.46,116359.15,116397.45,10.13767,2025-08-08 15:23:59.999,1179872.4026782,946,2.09971,244359.3806966,0
2025-08-08 15:24:00,116397.46,116467.91,116397.45,116467.91,6.78969,2025-08-08 15:24:59.999,790610.5656361,1518,5.04302,587213.656193,0
2025-08-08 15:25:00,116467.91,116527.2,116467.9,116527.2,13.79775,2025-08-08 15:25:59.999,1607405.3320035,2133,12.35344,1439128.5553066,0
2025-08-08 15:26:00,116527.19,116538.94,116510.0,116538.94,6.15335,2025-08-08 15:26:59.999,717041.7631992,1001,4.85767,566055.1141737,0
2025-08-08 15:27:00,116538.94,116538.94,116432.96,116432.96,11.72841,2025-08-08 15:27:59.999,1366345.6611416,2489,0.57932,67478.8054383,0
2025-08-08 15:28:00,116432.97,116432.97,116337.91,116337.91,15.39117,2025-08-08 15:28:59.999,1791247.5704368,2118,4.13916,481613.2174772,0
2025-08-08 15:29:00,116337.92,116362.35,116288.4,116288.4,5.32052,2025-08-08 15:29:59.999,618984.6856083,1674,2.03915,237246.5775264,0
2025-08-08 15:30:00,116288.41,116289.59,116226.05,116226.05,9.09,2025-08-08 15:30:59.999,1056853.7695886,2372,3.63874,423065.9544938,0
2025-08-08 15:31:00,116226.06,116259.44,116226.05,116229.32,5.39017,2025-08-08 15:31:59.999,626582.580729,1052,3.61138,419788.6059177,0
2025-08-08 15:32:00,116229.33,116236.47,116209.08,116209.92,4.49626,2025-08-08 15:32:59.999,522583.2191957,978,2.75226,319891.4073652,0
2025-08-08 15:33:00,116209.92,116209.93,116160.03,116190.01,10.20857,2025-08-08 15:33:59.999,1186160.5385377,2860,2.38482,277084.9436804,0
2025-08-08 15:34:00,116190.01,116236.08,116173.49,116236.08,16.45566,2025-08-08 15:34:59.999,1912072.9817833,2748,7.78711,904824.3415522,0
2025-08-08 15:35:00,116236.07,116255.99,116169.93,116169.93,7.40136,2025-08-08 15:35:59.999,860077.4813293,2657,3.30416,383994.8890656,0
2025-08-08 15:36:00,116169.94,116185.83,116127.71,116152.25,12.34041,2025-08-08 15:36:59.999,1433388.3417674,2730,5.01642,582644.3146991,0
2025-08-08 15:37:00,116152.26,116183.93,116152.25,116152.26,6.41564,2025-08-08 15:37:59.999,745272.9804295,1265,3.64661,423569.0742059,0
2025-08-08 15:38:00,116152.26,116152.27,116114.58,116114.59,6.29303,2025-08-08 15:38:59.999,730829.5016251,1322,1.90685,221459.6292449,0
2025-08-08 15:39:00,116114.59,116114.59,116080.51,116100.01,13.79271,2025-08-08 15:39:59.999,1601274.8376681,2302,2.86013,332040.156612,0
2025-08-08 15:40:00,116100.01,116100.02,116000.0,116003.56,36.88347,2025-08-08 15:40:59.999,4279414.4256354,6827,9.00124,1044364.8094423,0
2025-08-08 15:41:00,116003.56,116065.59,116003.56,116009.75,11.71247,2025-08-08 15:41:59.999,1359063.3220269,3371,7.0479,817792.0744069,0
2025-08-08 15:42:00,116009.75,116009.75,115950.31,115982.13,51.6669,2025-08-08 15:42:59.999,5992084.3142519,4949,15.11827,1753202.5156242,0
2025-08-08 15:43:00,115982.12,115982.13,115878.71,115889.46,111.2994,2025-08-08 15:43:59.999,12900305.8945573,5181,35.6572,4132362.50425,0
2025-08-08 15:44:00,115889.46,115940.78,115889.46,115920.01,13.38345,2025-08-08 15:44:59.999,1551347.6203534,1638,9.7199,1126665.5328044,0
2025-08-08 15:45:00,115920.01,115942.61,115900.0,115942.6,32.55792,2025-08-08 15:45:59.999,3774355.141692,3592,24.22157,2807947.8402137,0
2025-08-08 15:46:00,115942.61,115942.61,115906.3,115937.3,8.47306,2025-08-08 15:46:59.999,982301.0925427,1830,5.85933,679281.5068579,0
2025-08-08 15:47:00,115937.31,116035.59,115937.31,115983.73,27.86733,2025-08-08 15:47:59.999,3232780.6813531,4412,23.98178,2781991.5489675,0
2025-08-08 15:48:00,115983.72,116032.97,115983.72,116015.12,9.50152,2025-08-08 15:48:59.999,1102361.0017239,1647,6.68658,775761.2947032,0
2025-08-08 15:49:00,116015.11,116088.29,116014.31,116086.29,23.40538,2025-08-08 15:49:59.999,2715743.3459508,2749,17.386,2017295.9047656,0
2025-08-08 15:50:00,116086.3,116130.09,116086.29,116130.08,12.42652,2025-08-08 15:50:59.999,1442783.2782275,2291,8.93705,1037613.8131652,0
2025-08-08 15:51:00,116130.08,116150.0,116106.72,116106.73,4.87411,2025-08-08 15:51:59.999,566054.719686,1834,1.70616,198135.1634561,0
2025-08-08 15:52:00,116106.73,116138.9,116106.72,116120.88,6.15555,2025-08-08 15:52:59.999,714823.7526919,1740,3.01163,349713.1831306,0
2025-08-08 15:53:00,116120.88,116164.29,116112.11,116164.29,7.97899,2025-08-08 15:53:59.999,926688.4019369,1821,3.08396,358138.7844143,0
2025-08-08 15:54:00,116164.29,116164.29,116127.24,116127.24,5.30573,2025-08-08 15:54:59.999,616224.2321083,1127,1.34316,155999.09536,0
2025-08-08 15:55:00,116127.25,116177.87,116127.24,116177.87,37.50487,2025-08-08 15:55:59.999,4356081.6831265,1180,36.09688,4192563.7901174,0
2025-08-08 15:56:00,116177.87,116220.0,116177.86,116220.0,3.67739,2025-08-08 15:56:59.999,427329.5733582,1094,2.84775,330916.4774701,0
2025-08-08 15:57:00,116220.0,116223.69,116218.0,116218.01,5.94912,2025-08-08 15:57:59.999,691420.8193108,650,1.15864,134659.3441724,0
2025-08-08 15:58:00,116218.0,116228.9,116200.0,116228.89,4.22615,2025-08-08 15:58:59.999,491122.1047329,1157,2.56526,298106.5672629,0
2025-08-08 15:59:00,116228.9,116232.0,116207.69,116207.69,28.38212,2025-08-08 15:59:59.999,3298681.9868371,1316,11.69744,1359483.3015596,0
2025-08-08 16:00:00,116207.7,116217.06,116170.0,116217.05,9.6525,2025-08-08 16:00:59.999,1121538.6953288,2018,5.07589,589790.8656455,0
2025-08-08 16:01:00,116217.05,116271.07,116217.05,116254.44,6.54211,2025-08-08 16:01:59.999,760554.2229896,2076,3.12883,363718.1811865,0
